Energy(keV) 	 Hits(N) 
1	568341	
2	570196	
3	572215	
4	574487	
5	577034	
6	579843	
7	582887	
8	586135	
9	589559	
10	593133	
11	596834	
12	600644	
13	604546	
14	608527	
15	612576	
16	616681	
17	620837	
18	625034	
19	629267	
20	633532	
21	637824	
22	642138	
23	646472	
24	650823	
25	655189	
26	659568	
27	663957	
28	668355	
29	672761	
30	677173	
31	681591	
32	686013	
33	690439	
34	694869	
35	699300	
36	703734	
37	708169	
38	712606	
39	717043	
40	721480	
41	725918	
42	730356	
43	734793	
44	739230	
45	743667	
46	748103	
47	752538	
48	756972	
49	761405	
50	765838	
51	770269	
52	774699	
53	779129	
54	783557	
55	787984	
56	792410	
57	796835	
58	801259	
59	805682	
60	810103	
61	814524	
62	818944	
63	823363	
64	827781	
65	832199	
66	836615	
67	841031	
68	845446	
69	849860	
70	854273	
71	858686	
72	863099	
73	867511	
74	871922	
75	876333	
76	880744	
77	885154	
78	889564	
79	893974	
80	898384	
81	902793	
82	907202	
83	911612	
84	916021	
85	920430	
86	924840	
87	929249	
88	933659	
89	938069	
90	942479	
91	946889	
92	951300	
93	955711	
94	960122	
95	964534	
96	968947	
97	973360	
98	977773	
99	982187	
100	986602	
101	991017	
102	995433	
103	999850	
104	1004268	
105	1008686	
106	1013105	
107	1017526	
108	1021947	
109	1026369	
110	1030791	
111	1035215	
112	1039640	
113	1044066	
114	1048493	
115	1052922	
116	1057351	
117	1061781	
118	1066213	
119	1070646	
120	1075080	
121	1079515	
122	1083952	
123	1088390	
124	1092830	
125	1097270	
126	1101712	
127	1106156	
128	1110601	
129	1115047	
130	1119495	
131	1123945	
132	1128396	
133	1132848	
134	1137302	
135	1141758	
136	1146215	
137	1150674	
138	1155134	
139	1159596	
140	1164060	
141	1168525	
142	1172993	
143	1177461	
144	1181932	
145	1186404	
146	1190879	
147	1195354	
148	1199832	
149	1204312	
150	1208793	
151	1213276	
152	1217761	
153	1222248	
154	1226737	
155	1231228	
156	1235720	
157	1240215	
158	1244711	
159	1249210	
160	1253710	
161	1258213	
162	1262717	
163	1267223	
164	1271731	
165	1276242	
166	1280754	
167	1285268	
168	1289785	
169	1294303	
170	1298824	
171	1303346	
172	1307871	
173	1312398	
174	1316927	
175	1321458	
176	1325991	
177	1330526	
178	1335063	
179	1339603	
180	1344144	
181	1348688	
182	1353234	
183	1357782	
184	1362332	
185	1366885	
186	1371439	
187	1375996	
188	1380555	
189	1385116	
190	1389680	
191	1394245	
192	1398813	
193	1403383	
194	1407956	
195	1412530	
196	1417107	
197	1421686	
198	1426267	
199	1430851	
200	1435437	
201	1440025	
202	1444615	
203	1449208	
204	1453803	
205	1458400	
206	1462999	
207	1467601	
208	1472205	
209	1476811	
210	1481420	
211	1486031	
212	1490644	
213	1495260	
214	1499877	
215	1504498	
216	1509120	
217	1513745	
218	1518372	
219	1523001	
220	1527633	
221	1532267	
222	1536904	
223	1541542	
224	1546184	
225	1550827	
226	1555473	
227	1560121	
228	1564771	
229	1569424	
230	1574079	
231	1578737	
232	1583396	
233	1588059	
234	1592723	
235	1597390	
236	1602059	
237	1606731	
238	1611404	
239	1616081	
240	1620759	
241	1625440	
242	1630124	
243	1634809	
244	1639497	
245	1644187	
246	1648880	
247	1653575	
248	1658273	
249	1662972	
250	1667675	
251	1672379	
252	1677086	
253	1681795	
254	1686507	
255	1691220	
256	1695937	
257	1700655	
258	1705376	
259	1710099	
260	1714825	
261	1719553	
262	1724283	
263	1729016	
264	1733751	
265	1738488	
266	1743228	
267	1747970	
268	1752715	
269	1757461	
270	1762210	
271	1766962	
272	1771716	
273	1776472	
274	1781230	
275	1785991	
276	1790754	
277	1795519	
278	1800287	
279	1805057	
280	1809829	
281	1814604	
282	1819381	
283	1824161	
284	1828942	
285	1833726	
286	1838513	
287	1843301	
288	1848092	
289	1852885	
290	1857681	
291	1862479	
292	1867279	
293	1872081	
294	1876886	
295	1881693	
296	1886502	
297	1891314	
298	1896128	
299	1900944	
300	1905763	
301	1910583	
302	1915406	
303	1920232	
304	1925059	
305	1929889	
306	1934721	
307	1939556	
308	1944393	
309	1949231	
310	1954073	
311	1958916	
312	1963762	
313	1968610	
314	1973460	
315	1978312	
316	1983167	
317	1988024	
318	1992883	
319	1997745	
320	2002608	
321	2007474	
322	2012342	
323	2017213	
324	2022085	
325	2026960	
326	2031837	
327	2036716	
328	2041597	
329	2046481	
330	2051367	
331	2056255	
332	2061145	
333	2066037	
334	2070932	
335	2075829	
336	2080728	
337	2085629	
338	2090532	
339	2095437	
340	2100345	
341	2105255	
342	2110167	
343	2115081	
344	2119997	
345	2124916	
346	2129836	
347	2134759	
348	2139684	
349	2144611	
350	2149540	
351	2154471	
352	2159404	
353	2164340	
354	2169278	
355	2174217	
356	2179159	
357	2184103	
358	2189049	
359	2193997	
360	2198948	
361	2203900	
362	2208854	
363	2213811	
364	2218770	
365	2223730	
366	2228693	
367	2233658	
368	2238625	
369	2243594	
370	2248565	
371	2253538	
372	2258513	
373	2263490	
374	2268469	
375	2273451	
376	2278434	
377	2283419	
378	2288407	
379	2293396	
380	2298387	
381	2303381	
382	2308376	
383	2313374	
384	2318373	
385	2323374	
386	2328378	
387	2333383	
388	2338391	
389	2343400	
390	2348412	
391	2353425	
392	2358440	
393	2363458	
394	2368477	
395	2373498	
396	2378521	
397	2383546	
398	2388573	
399	2393602	
400	2398633	
401	2403666	
402	2408701	
403	2413738	
404	2418777	
405	2423817	
406	2428860	
407	2433904	
408	2438950	
409	2443999	
410	2449049	
411	2454101	
412	2459155	
413	2464210	
414	2469268	
415	2474328	
416	2479389	
417	2484452	
418	2489517	
419	2494584	
420	2499653	
421	2504724	
422	2509796	
423	2514871	
424	2519947	
425	2525025	
426	2530105	
427	2535186	
428	2540270	
429	2545355	
430	2550442	
431	2555531	
432	2560622	
433	2565715	
434	2570809	
435	2575905	
436	2581003	
437	2586102	
438	2591204	
439	2596307	
440	2601412	
441	2606519	
442	2611627	
443	2616737	
444	2621849	
445	2626963	
446	2632079	
447	2637196	
448	2642315	
449	2647435	
450	2652558	
451	2657682	
452	2662808	
453	2667935	
454	2673064	
455	2678195	
456	2683328	
457	2688462	
458	2693598	
459	2698736	
460	2703875	
461	2709016	
462	2714158	
463	2719303	
464	2724449	
465	2729596	
466	2734745	
467	2739896	
468	2745049	
469	2750203	
470	2755359	
471	2760516	
472	2765675	
473	2770836	
474	2775998	
475	2781162	
476	2786327	
477	2791494	
478	2796663	
479	2801833	
480	2807005	
481	2812178	
482	2817353	
483	2822530	
484	2827708	
485	2832888	
486	2838069	
487	2843251	
488	2848436	
489	2853622	
490	2858809	
491	2863998	
492	2869188	
493	2874380	
494	2879573	
495	2884768	
496	2889965	
497	2895163	
498	2900362	
499	2905563	
500	2910766	
501	2915969	
502	2921175	
503	2926382	
504	2931590	
505	2936800	
506	2942011	
507	2947224	
508	2952438	
509	2957653	
510	2962870	
511	2968089	
512	2973309	
513	2978530	
514	2983753	
515	2988977	
516	2994203	
517	2999430	
518	3004658	
519	3009888	
520	3015119	
521	3020351	
522	3025585	
523	3030821	
524	3036057	
525	3041295	
526	3046535	
527	3051776	
528	3057018	
529	3062261	
530	3067506	
531	3072752	
532	3078000	
533	3083248	
534	3088498	
535	3093750	
536	3099003	
537	3104257	
538	3109512	
539	3114769	
540	3120027	
541	3125286	
542	3130547	
543	3135809	
544	3141072	
545	3146336	
546	3151602	
547	3156869	
548	3162137	
549	3167406	
550	3172677	
551	3177949	
552	3183222	
553	3188496	
554	3193772	
555	3199049	
556	3204327	
557	3209606	
558	3214887	
559	3220168	
560	3225451	
561	3230735	
562	3236021	
563	3241307	
564	3246595	
565	3251884	
566	3257174	
567	3262465	
568	3267757	
569	3273051	
570	3278345	
571	3283641	
572	3288938	
573	3294236	
574	3299535	
575	3304836	
576	3310137	
577	3315440	
578	3320743	
579	3326048	
580	3331354	
581	3336661	
582	3341969	
583	3347278	
584	3352588	
585	3357900	
586	3363212	
587	3368526	
588	3373840	
589	3379156	
590	3384472	
591	3389790	
592	3395109	
593	3400429	
594	3405749	
595	3411071	
596	3416394	
597	3421718	
598	3427043	
599	3432369	
600	3437696	
601	3443024	
602	3448353	
603	3453683	
604	3459014	
605	3464346	
606	3469678	
607	3475012	
608	3480347	
609	3485683	
610	3491020	
611	3496357	
612	3501696	
613	3507036	
614	3512376	
615	3517718	
616	3523060	
617	3528403	
618	3533748	
619	3539093	
620	3544439	
621	3549786	
622	3555134	
623	3560482	
624	3565832	
625	3571183	
626	3576534	
627	3581886	
628	3587240	
629	3592594	
630	3597949	
631	3603304	
632	3608661	
633	3614018	
634	3619377	
635	3624736	
636	3630096	
637	3635457	
638	3640818	
639	3646181	
640	3651544	
641	3656908	
642	3662273	
643	3667639	
644	3673005	
645	3678373	
646	3683741	
647	3689110	
648	3694479	
649	3699850	
650	3705221	
651	3710593	
652	3715965	
653	3721339	
654	3726713	
655	3732088	
656	3737464	
657	3742840	
658	3748217	
659	3753595	
660	3758974	
661	3764353	
662	3769733	
663	3775113	
664	3780495	
665	3785877	
666	3791260	
667	3796643	
668	3802027	
669	3807412	
670	3812798	
671	3818184	
672	3823571	
673	3828958	
674	3834346	
675	3839735	
676	3845125	
677	3850515	
678	3855905	
679	3861297	
680	3866689	
681	3872081	
682	3877474	
683	3882868	
684	3888262	
685	3893657	
686	3899053	
687	3904449	
688	3909846	
689	3915243	
690	3920641	
691	3926040	
692	3931439	
693	3936838	
694	3942239	
695	3947639	
696	3953041	
697	3958442	
698	3963845	
699	3969248	
700	3974651	
701	3980055	
702	3985459	
703	3990864	
704	3996270	
705	4001676	
706	4007082	
707	4012489	
708	4017897	
709	4023305	
710	4028713	
711	4034122	
712	4039532	
713	4044941	
714	4050352	
715	4055763	
716	4061174	
717	4066585	
718	4071998	
719	4077410	
720	4082823	
721	4088237	
722	4093650	
723	4099065	
724	4104479	
725	4109894	
726	4115310	
727	4120726	
728	4126142	
729	4131559	
730	4136976	
731	4142393	
732	4147811	
733	4153229	
734	4158648	
735	4164067	
736	4169486	
737	4174906	
738	4180326	
739	4185746	
740	4191167	
741	4196588	
742	4202009	
743	4207431	
744	4212853	
745	4218275	
746	4223698	
747	4229121	
748	4234544	
749	4239968	
750	4245392	
751	4250816	
752	4256240	
753	4261665	
754	4267090	
755	4272515	
756	4277941	
757	4283366	
758	4288792	
759	4294219	
760	4299645	
761	4305072	
762	4310499	
763	4315926	
764	4321354	
765	4326781	
766	4332209	
767	4337637	
768	4343066	
769	4348494	
770	4353923	
771	4359352	
772	4364781	
773	4370210	
774	4375640	
775	4381070	
776	4386499	
777	4391929	
778	4397360	
779	4402790	
780	4408220	
781	4413651	
782	4419082	
783	4424513	
784	4429944	
785	4435375	
786	4440806	
787	4446238	
788	4451669	
789	4457101	
790	4462533	
791	4467965	
792	4473397	
793	4478829	
794	4484261	
795	4489693	
796	4495126	
797	4500558	
798	4505991	
799	4511423	
800	4516856	
801	4522288	
802	4527721	
803	4533154	
804	4538587	
805	4544020	
806	4549452	
807	4554885	
808	4560318	
809	4565751	
810	4571184	
811	4576617	
812	4582050	
813	4587483	
814	4592916	
815	4598350	
816	4603783	
817	4609216	
818	4614648	
819	4620081	
820	4625514	
821	4630947	
822	4636380	
823	4641813	
824	4647246	
825	4652678	
826	4658111	
827	4663544	
828	4668976	
829	4674409	
830	4679841	
831	4685273	
832	4690706	
833	4696138	
834	4701570	
835	4707002	
836	4712434	
837	4717865	
838	4723297	
839	4728729	
840	4734160	
841	4739591	
842	4745023	
843	4750454	
844	4755884	
845	4761315	
846	4766746	
847	4772176	
848	4777607	
849	4783037	
850	4788467	
851	4793897	
852	4799326	
853	4804756	
854	4810185	
855	4815614	
856	4821043	
857	4826472	
858	4831900	
859	4837329	
860	4842757	
861	4848185	
862	4853612	
863	4859040	
864	4864467	
865	4869894	
866	4875321	
867	4880747	
868	4886174	
869	4891600	
870	4897025	
871	4902451	
872	4907876	
873	4913301	
874	4918726	
875	4924150	
876	4929575	
877	4934999	
878	4940422	
879	4945845	
880	4951269	
881	4956691	
882	4962114	
883	4967536	
884	4972958	
885	4978379	
886	4983800	
887	4989221	
888	4994642	
889	5000062	
890	5005482	
891	5010901	
892	5016320	
893	5021739	
894	5027157	
895	5032575	
896	5037993	
897	5043410	
898	5048827	
899	5054244	
900	5059660	
901	5065076	
902	5070491	
903	5075906	
904	5081321	
905	5086735	
906	5092149	
907	5097562	
908	5102975	
909	5108388	
910	5113800	
911	5119212	
912	5124623	
913	5130034	
914	5135444	
915	5140854	
916	5146263	
917	5151672	
918	5157081	
919	5162489	
920	5167896	
921	5173304	
922	5178710	
923	5184116	
924	5189522	
925	5194927	
926	5200332	
927	5205736	
928	5211140	
929	5216543	
930	5221946	
931	5227348	
932	5232749	
933	5238150	
934	5243551	
935	5248951	
936	5254350	
937	5259749	
938	5265148	
939	5270546	
940	5275943	
941	5281340	
942	5286736	
943	5292131	
944	5297526	
945	5302921	
946	5308315	
947	5313708	
948	5319100	
949	5324493	
950	5329884	
951	5335275	
952	5340665	
953	5346055	
954	5351444	
955	5356832	
956	5362220	
957	5367607	
958	5372994	
959	5378380	
960	5383765	
961	5389149	
962	5394533	
963	5399917	
964	5405299	
965	5410681	
966	5416063	
967	5421443	
968	5426823	
969	5432202	
970	5437581	
971	5442959	
972	5448336	
973	5453713	
974	5459088	
975	5464464	
976	5469838	
977	5475212	
978	5480585	
979	5485957	
980	5491328	
981	5496699	
982	5502069	
983	5507439	
984	5512807	
985	5518175	
986	5523542	
987	5528908	
988	5534274	
989	5539639	
990	5545003	
991	5550366	
992	5555728	
993	5561090	
994	5566451	
995	5571811	
996	5577171	
997	5582529	
998	5587887	
999	5593244	
1000	5598600	
1001	5603955	
1002	5609310	
1003	5614663	
1004	5620016	
1005	5625368	
1006	5630719	
1007	5636070	
1008	5641419	
1009	5646768	
1010	5652116	
1011	5657463	
1012	5662809	
1013	5668154	
1014	5673498	
1015	5678842	
1016	5684184	
1017	5689526	
1018	5694867	
1019	5700207	
1020	5705546	
1021	5710884	
1022	5716222	
1023	5721558	
1024	5726893	
1025	5732228	
1026	5737562	
1027	5742894	
1028	5748226	
1029	5753557	
1030	5758887	
1031	5764216	
1032	5769544	
1033	5774871	
1034	5780197	
1035	5785522	
1036	5790847	
1037	5796170	
1038	5801492	
1039	5806814	
1040	5812134	
1041	5817454	
1042	5822772	
1043	5828089	
1044	5833406	
1045	5838721	
1046	5844036	
1047	5849349	
1048	5854662	
1049	5859973	
1050	5865284	
1051	5870593	
1052	5875901	
1053	5881209	
1054	5886515	
1055	5891820	
1056	5897125	
1057	5902428	
1058	5907730	
1059	5913031	
1060	5918331	
1061	5923630	
1062	5928928	
1063	5934225	
1064	5939521	
1065	5944816	
1066	5950109	
1067	5955402	
1068	5960694	
1069	5965984	
1070	5971273	
1071	5976562	
1072	5981849	
1073	5987135	
1074	5992420	
1075	5997703	
1076	6002986	
1077	6008268	
1078	6013548	
1079	6018827	
1080	6024106	
1081	6029383	
1082	6034659	
1083	6039933	
1084	6045207	
1085	6050479	
1086	6055751	
1087	6061021	
1088	6066290	
1089	6071558	
1090	6076824	
1091	6082090	
1092	6087354	
1093	6092617	
1094	6097879	
1095	6103140	
1096	6108399	
1097	6113657	
1098	6118915	
1099	6124170	
1100	6129425	
1101	6134679	
1102	6139931	
1103	6145182	
1104	6150432	
1105	6155680	
1106	6160928	
1107	6166174	
1108	6171419	
1109	6176662	
1110	6181905	
1111	6187146	
1112	6192386	
1113	6197624	
1114	6202861	
1115	6208098	
1116	6213332	
1117	6218566	
1118	6223798	
1119	6229029	
1120	6234259	
1121	6239487	
1122	6244714	
1123	6249940	
1124	6255164	
1125	6260387	
1126	6265609	
1127	6270830	
1128	6276049	
1129	6281267	
1130	6286483	
1131	6291699	
1132	6296912	
1133	6302125	
1134	6307336	
1135	6312546	
1136	6317755	
1137	6322962	
1138	6328167	
1139	6333372	
1140	6338575	
1141	6343777	
1142	6348977	
1143	6354176	
1144	6359373	
1145	6364570	
1146	6369764	
1147	6374958	
1148	6380150	
1149	6385340	
1150	6390530	
1151	6395717	
1152	6400904	
1153	6406089	
1154	6411272	
1155	6416454	
1156	6421635	
1157	6426814	
1158	6431992	
1159	6437169	
1160	6442344	
1161	6447517	
1162	6452689	
1163	6457860	
1164	6463029	
1165	6468197	
1166	6473363	
1167	6478527	
1168	6483691	
1169	6488853	
1170	6494013	
1171	6499172	
1172	6504329	
1173	6509485	
1174	6514639	
1175	6519792	
1176	6524944	
1177	6530093	
1178	6535242	
1179	6540389	
1180	6545534	
1181	6550678	
1182	6555820	
1183	6560961	
1184	6566100	
1185	6571238	
1186	6576374	
1187	6581509	
1188	6586642	
1189	6591773	
1190	6596903	
1191	6602032	
1192	6607158	
1193	6612284	
1194	6617408	
1195	6622530	
1196	6627650	
1197	6632769	
1198	6637887	
1199	6643002	
1200	6648117	
1201	6653229	
1202	6658340	
1203	6663450	
1204	6668558	
1205	6673664	
1206	6678769	
1207	6683872	
1208	6688973	
1209	6694073	
1210	6699171	
1211	6704267	
1212	6709362	
1213	6714456	
1214	6719547	
1215	6724637	
1216	6729725	
1217	6734812	
1218	6739897	
1219	6744980	
1220	6750062	
1221	6755142	
1222	6760220	
1223	6765297	
1224	6770372	
1225	6775445	
1226	6780517	
1227	6785587	
1228	6790655	
1229	6795722	
1230	6800787	
1231	6805850	
1232	6810911	
1233	6815971	
1234	6821029	
1235	6826085	
1236	6831140	
1237	6836193	
1238	6841244	
1239	6846293	
1240	6851341	
1241	6856387	
1242	6861431	
1243	6866474	
1244	6871514	
1245	6876553	
1246	6881590	
1247	6886626	
1248	6891659	
1249	6896691	
1250	6901722	
1251	6906750	
1252	6911776	
1253	6916801	
1254	6921824	
1255	6926846	
1256	6931865	
1257	6936883	
1258	6941898	
1259	6946913	
1260	6951925	
1261	6956935	
1262	6961944	
1263	6966951	
1264	6971956	
1265	6976959	
1266	6981960	
1267	6986960	
1268	6991957	
1269	6996953	
1270	7001947	
1271	7006939	
1272	7011930	
1273	7016918	
1274	7021905	
1275	7026889	
1276	7031872	
1277	7036853	
1278	7041832	
1279	7046810	
1280	7051785	
1281	7056759	
1282	7061730	
1283	7066700	
1284	7071668	
1285	7076634	
1286	7081598	
1287	7086560	
1288	7091521	
1289	7096479	
1290	7101435	
1291	7106390	
1292	7111343	
1293	7116293	
1294	7121242	
1295	7126189	
1296	7131134	
1297	7136077	
1298	7141018	
1299	7145957	
1300	7150894	
1301	7155830	
1302	7160763	
1303	7165694	
1304	7170624	
1305	7175551	
1306	7180476	
1307	7185400	
1308	7190321	
1309	7195241	
1310	7200158	
1311	7205074	
1312	7209988	
1313	7214899	
1314	7219809	
1315	7224717	
1316	7229622	
1317	7234526	
1318	7239427	
1319	7244327	
1320	7249225	
1321	7254120	
1322	7259014	
1323	7263905	
1324	7268795	
1325	7273682	
1326	7278568	
1327	7283451	
1328	7288333	
1329	7293212	
1330	7298089	
1331	7302964	
1332	7307838	
1333	7312709	
1334	7317578	
1335	7322445	
1336	7327310	
1337	7332173	
1338	7337034	
1339	7341892	
1340	7346749	
1341	7351604	
1342	7356456	
1343	7361306	
1344	7366155	
1345	7371001	
1346	7375845	
1347	7380687	
1348	7385527	
1349	7390365	
1350	7395201	
1351	7400034	
1352	7404866	
1353	7409695	
1354	7414522	
1355	7419347	
1356	7424170	
1357	7428991	
1358	7433810	
1359	7438626	
1360	7443441	
1361	7448253	
1362	7453063	
1363	7457871	
1364	7462677	
1365	7467480	
1366	7472282	
1367	7477081	
1368	7481878	
1369	7486673	
1370	7491466	
1371	7496257	
1372	7501045	
1373	7505831	
1374	7510615	
1375	7515397	
1376	7520177	
1377	7524954	
1378	7529730	
1379	7534503	
1380	7539274	
1381	7544042	
1382	7548809	
1383	7553573	
1384	7558335	
1385	7563094	
1386	7567852	
1387	7572607	
1388	7577360	
1389	7582111	
1390	7586860	
1391	7591606	
1392	7596350	
1393	7601092	
1394	7605832	
1395	7610569	
1396	7615304	
1397	7620037	
1398	7624767	
1399	7629495	
1400	7634221	
1401	7638945	
1402	7643667	
1403	7648386	
1404	7653103	
1405	7657817	
1406	7662529	
1407	7667239	
1408	7671947	
1409	7676653	
1410	7681356	
1411	7686056	
1412	7690755	
1413	7695451	
1414	7700145	
1415	7704836	
1416	7709526	
1417	7714212	
1418	7718897	
1419	7723579	
1420	7728259	
1421	7732937	
1422	7737612	
1423	7742285	
1424	7746955	
1425	7751623	
1426	7756289	
1427	7760952	
1428	7765613	
1429	7770272	
1430	7774928	
1431	7779582	
1432	7784234	
1433	7788883	
1434	7793530	
1435	7798175	
1436	7802817	
1437	7807456	
1438	7812094	
1439	7816729	
1440	7821361	
1441	7825991	
1442	7830619	
1443	7835244	
1444	7839867	
1445	7844487	
1446	7849105	
1447	7853721	
1448	7858334	
1449	7862945	
1450	7867553	
1451	7872159	
1452	7876763	
1453	7881364	
1454	7885962	
1455	7890559	
1456	7895152	
1457	7899744	
1458	7904332	
1459	7908919	
1460	7913503	
1461	7918084	
1462	7922663	
1463	7927240	
1464	7931814	
1465	7936385	
1466	7940954	
1467	7945521	
1468	7950085	
1469	7954647	
1470	7959206	
1471	7963763	
1472	7968317	
1473	7972868	
1474	7977418	
1475	7981964	
1476	7986508	
1477	7991050	
1478	7995589	
1479	8000126	
1480	8004660	
1481	8009191	
1482	8013720	
1483	8018247	
1484	8022771	
1485	8027292	
1486	8031811	
1487	8036328	
1488	8040842	
1489	8045353	
1490	8049862	
1491	8054368	
1492	8058872	
1493	8063373	
1494	8067871	
1495	8072367	
1496	8076861	
1497	8081351	
1498	8085840	
1499	8090325	
1500	8094808	
1501	8099289	
1502	8103767	
1503	8108242	
1504	8112715	
1505	8117185	
1506	8121653	
1507	8126118	
1508	8130580	
1509	8135040	
1510	8139497	
1511	8143952	
1512	8148404	
1513	8152853	
1514	8157300	
1515	8161744	
1516	8166185	
1517	8170624	
1518	8175060	
1519	8179494	
1520	8183925	
1521	8188353	
1522	8192779	
1523	8197202	
1524	8201622	
1525	8206040	
1526	8210455	
1527	8214868	
1528	8219277	
1529	8223684	
1530	8228089	
1531	8232491	
1532	8236890	
1533	8241286	
1534	8245680	
1535	8250071	
1536	8254459	
1537	8258845	
1538	8263228	
1539	8267609	
1540	8271986	
1541	8276361	
1542	8280733	
1543	8285103	
1544	8289470	
1545	8293834	
1546	8298195	
1547	8302554	
1548	8306910	
1549	8311263	
1550	8315614	
1551	8319962	
1552	8324307	
1553	8328649	
1554	8332989	
1555	8337326	
1556	8341660	
1557	8345992	
1558	8350320	
1559	8354646	
1560	8358970	
1561	8363290	
1562	8367608	
1563	8371923	
1564	8376235	
1565	8380544	
1566	8384851	
1567	8389155	
1568	8393456	
1569	8397754	
1570	8402050	
1571	8406343	
1572	8410633	
1573	8414920	
1574	8419204	
1575	8423486	
1576	8427765	
1577	8432041	
1578	8436314	
1579	8440585	
1580	8444853	
1581	8449117	
1582	8453379	
1583	8457639	
1584	8461895	
1585	8466149	
1586	8470400	
1587	8474648	
1588	8478893	
1589	8483135	
1590	8487375	
1591	8491611	
1592	8495845	
1593	8500076	
1594	8504304	
1595	8508529	
1596	8512752	
1597	8516972	
1598	8521188	
1599	8525402	
1600	8529613	
1601	8533821	
1602	8538027	
1603	8542229	
1604	8546429	
1605	8550626	
1606	8554819	
1607	8559010	
1608	8563198	
1609	8567384	
1610	8571566	
1611	8575745	
1612	8579922	
1613	8584096	
1614	8588266	
1615	8592434	
1616	8596599	
1617	8600761	
1618	8604921	
1619	8609077	
1620	8613230	
1621	8617381	
1622	8621528	
1623	8625673	
1624	8629814	
1625	8633953	
1626	8638089	
1627	8642222	
1628	8646352	
1629	8650479	
1630	8654603	
1631	8658724	
1632	8662842	
1633	8666958	
1634	8671070	
1635	8675179	
1636	8679286	
1637	8683389	
1638	8687490	
1639	8691588	
1640	8695682	
1641	8699774	
1642	8703862	
1643	8707948	
1644	8712031	
1645	8716111	
1646	8720187	
1647	8724261	
1648	8728332	
1649	8732400	
1650	8736465	
1651	8740527	
1652	8744585	
1653	8748641	
1654	8752694	
1655	8756744	
1656	8760791	
1657	8764835	
1658	8768876	
1659	8772914	
1660	8776948	
1661	8780980	
1662	8785009	
1663	8789035	
1664	8793058	
1665	8797077	
1666	8801094	
1667	8805108	
1668	8809118	
1669	8813126	
1670	8817130	
1671	8821132	
1672	8825130	
1673	8829126	
1674	8833118	
1675	8837108	
1676	8841094	
1677	8845077	
1678	8849057	
1679	8853034	
1680	8857009	
1681	8860979	
1682	8864947	
1683	8868912	
1684	8872874	
1685	8876833	
1686	8880788	
1687	8884741	
1688	8888690	
1689	8892637	
1690	8896580	
1691	8900520	
1692	8904457	
1693	8908391	
1694	8912322	
1695	8916250	
1696	8920175	
1697	8924096	
1698	8928015	
1699	8931930	
1700	8935843	
1701	8939752	
1702	8943658	
1703	8947561	
1704	8951461	
1705	8955357	
1706	8959251	
1707	8963141	
1708	8967029	
1709	8970913	
1710	8974794	
1711	8978672	
1712	8982546	
1713	8986418	
1714	8990287	
1715	8994152	
1716	8998014	
1717	9001873	
1718	9005729	
1719	9009582	
1720	9013431	
1721	9017278	
1722	9021121	
1723	9024961	
1724	9028798	
1725	9032631	
1726	9036462	
1727	9040289	
1728	9044114	
1729	9047935	
1730	9051752	
1731	9055567	
1732	9059378	
1733	9063187	
1734	9066992	
1735	9070794	
1736	9074592	
1737	9078388	
1738	9082180	
1739	9085969	
1740	9089755	
1741	9093538	
1742	9097317	
1743	9101093	
1744	9104866	
1745	9108636	
1746	9112403	
1747	9116166	
1748	9119926	
1749	9123683	
1750	9127437	
1751	9131187	
1752	9134934	
1753	9138678	
1754	9142419	
1755	9146157	
1756	9149891	
1757	9153622	
1758	9157350	
1759	9161074	
1760	9164795	
1761	9168513	
1762	9172228	
1763	9175940	
1764	9179648	
1765	9183353	
1766	9187054	
1767	9190753	
1768	9194448	
1769	9198140	
1770	9201828	
1771	9205514	
1772	9209196	
1773	9212875	
1774	9216550	
1775	9220222	
1776	9223891	
1777	9227557	
1778	9231219	
1779	9234878	
1780	9238534	
1781	9242186	
1782	9245835	
1783	9249481	
1784	9253124	
1785	9256763	
1786	9260399	
1787	9264031	
1788	9267661	
1789	9271287	
1790	9274909	
1791	9278528	
1792	9282144	
1793	9285757	
1794	9289366	
1795	9292972	
1796	9296575	
1797	9300174	
1798	9303770	
1799	9307363	
1800	9310952	
1801	9314538	
1802	9318121	
1803	9321700	
1804	9325276	
1805	9328849	
1806	9332418	
1807	9335984	
1808	9339546	
1809	9343105	
1810	9346661	
1811	9350214	
1812	9353763	
1813	9357308	
1814	9360851	
1815	9364390	
1816	9367925	
1817	9371457	
1818	9374986	
1819	9378512	
1820	9382034	
1821	9385552	
1822	9389068	
1823	9392579	
1824	9396088	
1825	9399593	
1826	9403095	
1827	9406593	
1828	9410088	
1829	9413579	
1830	9417067	
1831	9420552	
1832	9424033	
1833	9427511	
1834	9430986	
1835	9434457	
1836	9437924	
1837	9441388	
1838	9444849	
1839	9448306	
1840	9451760	
1841	9455211	
1842	9458658	
1843	9462101	
1844	9465542	
1845	9468978	
1846	9472412	
1847	9475841	
1848	9479268	
1849	9482691	
1850	9486110	
1851	9489526	
1852	9492939	
1853	9496348	
1854	9499754	
1855	9503156	
1856	9506555	
1857	9509950	
1858	9513342	
1859	9516731	
1860	9520116	
1861	9523497	
1862	9526875	
1863	9530250	
1864	9533621	
1865	9536988	
1866	9540352	
1867	9543713	
1868	9547070	
1869	9550424	
1870	9553774	
1871	9557121	
1872	9560464	
1873	9563803	
1874	9567140	
1875	9570472	
1876	9573802	
1877	9577127	
1878	9580449	
1879	9583768	
1880	9587083	
1881	9590395	
1882	9593703	
1883	9597008	
1884	9600309	
1885	9603606	
1886	9606901	
1887	9610191	
1888	9613478	
1889	9616762	
1890	9620042	
1891	9623318	
1892	9626591	
1893	9629860	
1894	9633126	
1895	9636389	
1896	9639647	
1897	9642903	
1898	9646154	
1899	9649403	
1900	9652647	
1901	9655888	
1902	9659126	
1903	9662360	
1904	9665590	
1905	9668817	
1906	9672040	
1907	9675260	
1908	9678476	
1909	9681689	
1910	9684898	
1911	9688103	
1912	9691305	
1913	9694504	
1914	9697698	
1915	9700890	
1916	9704077	
1917	9707261	
1918	9710442	
1919	9713619	
1920	9716792	
1921	9719962	
1922	9723128	
1923	9726290	
1924	9729449	
1925	9732605	
1926	9735756	
1927	9738904	
1928	9742049	
1929	9745190	
1930	9748327	
1931	9751461	
1932	9754591	
1933	9757718	
1934	9760841	
1935	9763960	
1936	9767076	
1937	9770188	
1938	9773296	
1939	9776401	
1940	9779502	
1941	9782600	
1942	9785694	
1943	9788784	
1944	9791871	
1945	9794954	
1946	9798033	
1947	9801109	
1948	9804181	
1949	9807250	
1950	9810315	
1951	9813376	
1952	9816434	
1953	9819488	
1954	9822538	
1955	9825585	
1956	9828628	
1957	9831667	
1958	9834703	
1959	9837735	
1960	9840763	
1961	9843788	
1962	9846809	
1963	9849827	
1964	9852840	
1965	9855850	
1966	9858857	
1967	9861860	
1968	9864859	
1969	9867854	
1970	9870846	
1971	9873834	
1972	9876818	
1973	9879799	
1974	9882776	
1975	9885749	
1976	9888719	
1977	9891685	
1978	9894647	
1979	9897606	
1980	9900561	
1981	9903512	
1982	9906459	
1983	9909403	
1984	9912343	
1985	9915280	
1986	9918212	
1987	9921141	
1988	9924067	
1989	9926988	
1990	9929906	
1991	9932820	
1992	9935731	
1993	9938638	
1994	9941541	
1995	9944440	
1996	9947336	
1997	9950227	
1998	9953116	
1999	9956000	
2000	9958881	
2001	9961758	
2002	9964631	
2003	9967500	
2004	9970366	
2005	9973228	
2006	9976086	
2007	9978941	
2008	9981792	
2009	9984639	
2010	9987482	
2011	9990322	
2012	9993158	
2013	9995990	
2014	9998818	
2015	10001643	
2016	10004464	
2017	10007281	
2018	10010094	
2019	10012904	
2020	10015709	
2021	10018511	
2022	10021310	
2023	10024104	
2024	10026895	
2025	10029682	
2026	10032465	
2027	10035245	
2028	10038020	
2029	10040792	
2030	10043560	
2031	10046325	
2032	10049085	
2033	10051842	
2034	10054595	
2035	10057344	
2036	10060090	
2037	10062832	
2038	10065569	
2039	10068304	
2040	10071034	
2041	10073760	
2042	10076483	
2043	10079202	
2044	10081917	
2045	10084628	
2046	10087336	
2047	10090040	
2048	10092739	
2049	10095436	
2050	10098128	
2051	10100816	
2052	10103501	
2053	10106182	
2054	10108859	
2055	10111532	
2056	10114202	
2057	10116867	
2058	10119529	
2059	10122187	
2060	10124841	
2061	10127491	
2062	10130138	
2063	10132781	
2064	10135419	
2065	10138054	
2066	10140686	
2067	10143313	
2068	10145936	
2069	10148556	
2070	10151172	
2071	10153784	
2072	10156392	
2073	10158996	
2074	10161597	
2075	10164193	
2076	10166786	
2077	10169375	
2078	10171960	
2079	10174541	
2080	10177119	
2081	10179692	
2082	10182262	
2083	10184828	
2084	10187390	
2085	10189948	
2086	10192502	
2087	10195052	
2088	10197599	
2089	10200142	
2090	10202680	
2091	10205215	
2092	10207746	
2093	10210273	
2094	10212797	
2095	10215316	
2096	10217832	
2097	10220343	
2098	10222851	
2099	10225355	
2100	10227855	
2101	10230351	
2102	10232843	
2103	10235332	
2104	10237816	
2105	10240297	
2106	10242773	
2107	10245246	
2108	10247715	
2109	10250180	
2110	10252641	
2111	10255099	
2112	10257552	
2113	10260001	
2114	10262447	
2115	10264888	
2116	10267326	
2117	10269760	
2118	10272190	
2119	10274616	
2120	10277038	
2121	10279456	
2122	10281870	
2123	10284281	
2124	10286687	
2125	10289090	
2126	10291488	
2127	10293883	
2128	10296274	
2129	10298661	
2130	10301044	
2131	10303423	
2132	10305798	
2133	10308169	
2134	10310536	
2135	10312899	
2136	10315259	
2137	10317614	
2138	10319966	
2139	10322313	
2140	10324657	
2141	10326996	
2142	10329332	
2143	10331664	
2144	10333992	
2145	10336316	
2146	10338636	
2147	10340952	
2148	10343264	
2149	10345572	
2150	10347876	
2151	10350176	
2152	10352473	
2153	10354765	
2154	10357053	
2155	10359338	
2156	10361618	
2157	10363895	
2158	10366167	
2159	10368436	
2160	10370700	
2161	10372961	
2162	10375218	
2163	10377470	
2164	10379719	
2165	10381964	
2166	10384205	
2167	10386441	
2168	10388674	
2169	10390903	
2170	10393128	
2171	10395349	
2172	10397566	
2173	10399779	
2174	10401988	
2175	10404193	
2176	10406394	
2177	10408591	
2178	10410784	
2179	10412973	
2180	10415158	
2181	10417339	
2182	10419517	
2183	10421690	
2184	10423859	
2185	10426024	
2186	10428185	
2187	10430342	
2188	10432495	
2189	10434644	
2190	10436790	
2191	10438931	
2192	10441068	
2193	10443201	
2194	10445330	
2195	10447455	
2196	10449576	
2197	10451693	
2198	10453807	
2199	10455916	
2200	10458021	
2201	10460122	
2202	10462219	
2203	10464312	
2204	10466401	
2205	10468486	
2206	10470567	
2207	10472644	
2208	10474717	
2209	10476786	
2210	10478851	
2211	10480911	
2212	10482968	
2213	10485021	
2214	10487070	
2215	10489115	
2216	10491155	
2217	10493192	
2218	10495225	
2219	10497253	
2220	10499278	
2221	10501299	
2222	10503315	
2223	10505328	
2224	10507336	
2225	10509340	
2226	10511341	
2227	10513337	
2228	10515329	
2229	10517318	
2230	10519302	
2231	10521282	
2232	10523258	
2233	10525230	
2234	10527198	
2235	10529162	
2236	10531122	
2237	10533078	
2238	10535029	
2239	10536977	
2240	10538921	
2241	10540860	
2242	10542796	
2243	10544727	
2244	10546655	
2245	10548578	
2246	10550497	
2247	10552413	
2248	10554324	
2249	10556231	
2250	10558134	
2251	10560033	
2252	10561928	
2253	10563819	
2254	10565705	
2255	10567588	
2256	10569467	
2257	10571341	
2258	10573212	
2259	10575078	
2260	10576940	
2261	10578799	
2262	10580653	
2263	10582503	
2264	10584349	
2265	10586191	
2266	10588028	
2267	10589862	
2268	10591692	
2269	10593517	
2270	10595339	
2271	10597156	
2272	10598969	
2273	10600779	
2274	10602584	
2275	10604385	
2276	10606182	
2277	10607974	
2278	10609763	
2279	10611548	
2280	10613328	
2281	10615105	
2282	10616877	
2283	10618645	
2284	10620409	
2285	10622169	
2286	10623925	
2287	10625677	
2288	10627425	
2289	10629168	
2290	10630908	
2291	10632643	
2292	10634374	
2293	10636102	
2294	10637825	
2295	10639544	
2296	10641258	
2297	10642969	
2298	10644676	
2299	10646378	
2300	10648076	
2301	10649771	
2302	10651461	
2303	10653147	
2304	10654829	
2305	10656506	
2306	10658180	
2307	10659850	
2308	10661515	
2309	10663176	
2310	10664833	
2311	10666486	
2312	10668135	
2313	10669780	
2314	10671420	
2315	10673057	
2316	10674689	
2317	10676318	
2318	10677942	
2319	10679562	
2320	10681177	
2321	10682789	
2322	10684397	
2323	10686000	
2324	10687599	
2325	10689194	
2326	10690785	
2327	10692372	
2328	10693955	
2329	10695533	
2330	10697108	
2331	10698678	
2332	10700244	
2333	10701806	
2334	10703364	
2335	10704918	
2336	10706467	
2337	10708012	
2338	10709554	
2339	10711091	
2340	10712624	
2341	10714152	
2342	10715677	
2343	10717197	
2344	10718714	
2345	10720226	
2346	10721734	
2347	10723238	
2348	10724737	
2349	10726233	
2350	10727724	
2351	10729211	
2352	10730694	
2353	10732173	
2354	10733648	
2355	10735118	
2356	10736585	
2357	10738047	
2358	10739505	
2359	10740959	
2360	10742408	
2361	10743854	
2362	10745295	
2363	10746732	
2364	10748165	
2365	10749594	
2366	10751019	
2367	10752439	
2368	10753856	
2369	10755268	
2370	10756676	
2371	10758080	
2372	10759479	
2373	10760875	
2374	10762266	
2375	10763653	
2376	10765036	
2377	10766414	
2378	10767789	
2379	10769159	
2380	10770525	
2381	10771887	
2382	10773245	
2383	10774599	
2384	10775948	
2385	10777293	
2386	10778634	
2387	10779971	
2388	10781304	
2389	10782632	
2390	10783957	
2391	10785277	
2392	10786592	
2393	10787904	
2394	10789212	
2395	10790515	
2396	10791814	
2397	10793109	
2398	10794400	
2399	10795686	
2400	10796968	
2401	10798247	
2402	10799520	
2403	10800790	
2404	10802056	
2405	10803317	
2406	10804574	
2407	10805827	
2408	10807076	
2409	10808320	
2410	10809560	
2411	10810797	
2412	10812028	
2413	10813256	
2414	10814480	
2415	10815699	
2416	10816914	
2417	10818125	
2418	10819331	
2419	10820534	
2420	10821732	
2421	10822926	
2422	10824116	
2423	10825301	
2424	10826483	
2425	10827660	
2426	10828833	
2427	10830001	
2428	10831166	
2429	10832326	
2430	10833482	
2431	10834634	
2432	10835782	
2433	10836925	
2434	10838064	
2435	10839199	
2436	10840330	
2437	10841456	
2438	10842579	
2439	10843697	
2440	10844810	
2441	10845920	
2442	10847025	
2443	10848127	
2444	10849224	
2445	10850316	
2446	10851405	
2447	10852489	
2448	10853569	
2449	10854645	
2450	10855716	
2451	10856784	
2452	10857847	
2453	10858906	
2454	10859960	
2455	10861011	
2456	10862057	
2457	10863099	
2458	10864137	
2459	10865170	
2460	10866199	
2461	10867224	
2462	10868245	
2463	10869262	
2464	10870274	
2465	10871282	
2466	10872286	
2467	10873285	
2468	10874281	
2469	10875272	
2470	10876259	
2471	10877241	
2472	10878220	
2473	10879194	
2474	10880164	
2475	10881129	
2476	10882091	
2477	10883048	
2478	10884001	
2479	10884949	
2480	10885894	
2481	10886834	
2482	10887770	
2483	10888702	
2484	10889629	
2485	10890552	
2486	10891471	
2487	10892386	
2488	10893296	
2489	10894203	
2490	10895105	
2491	10896002	
2492	10896896	
2493	10897785	
2494	10898670	
2495	10899551	
2496	10900427	
2497	10901299	
2498	10902167	
2499	10903031	
2500	10903890	
2501	10904745	
2502	10905596	
2503	10906443	
2504	10907285	
2505	10908124	
2506	10908957	
2507	10909787	
2508	10910612	
2509	10911434	
2510	10912250	
2511	10913063	
2512	10913871	
2513	10914675	
2514	10915475	
2515	10916271	
2516	10917062	
2517	10917849	
2518	10918632	
2519	10919410	
2520	10920185	
2521	10920955	
2522	10921720	
2523	10922482	
2524	10923239	
2525	10923992	
2526	10924741	
2527	10925485	
2528	10926225	
2529	10926961	
2530	10927693	
2531	10928420	
2532	10929143	
2533	10929862	
2534	10930576	
2535	10931286	
2536	10931992	
2537	10932694	
2538	10933392	
2539	10934085	
2540	10934774	
2541	10935458	
2542	10936139	
2543	10936815	
2544	10937487	
2545	10938154	
2546	10938817	
2547	10939477	
2548	10940131	
2549	10940782	
2550	10941428	
2551	10942070	
2552	10942707	
2553	10943341	
2554	10943970	
2555	10944595	
2556	10945215	
2557	10945832	
2558	10946444	
2559	10947051	
2560	10947655	
2561	10948254	
2562	10948849	
2563	10949439	
2564	10950026	
2565	10950608	
2566	10951185	
2567	10951759	
2568	10952328	
2569	10952893	
2570	10953454	
2571	10954010	
2572	10954562	
2573	10955110	
2574	10955654	
2575	10956193	
2576	10956728	
2577	10957259	
2578	10957785	
2579	10958307	
2580	10958825	
2581	10959339	
2582	10959848	
2583	10960353	
2584	10960854	
2585	10961350	
2586	10961842	
2587	10962330	
2588	10962814	
2589	10963293	
2590	10963768	
2591	10964239	
2592	10964705	
2593	10965167	
2594	10965625	
2595	10966079	
2596	10966528	
2597	10966973	
2598	10967414	
2599	10967850	
2600	10968282	
2601	10968710	
2602	10969134	
2603	10969553	
2604	10969968	
2605	10970379	
2606	10970785	
2607	10971188	
2608	10971586	
2609	10971979	
2610	10972368	
2611	10972753	
2612	10973134	
2613	10973511	
2614	10973883	
2615	10974251	
2616	10974614	
2617	10974973	
2618	10975328	
2619	10975679	
2620	10976026	
2621	10976368	
2622	10976705	
2623	10977039	
2624	10977368	
2625	10977693	
2626	10978014	
2627	10978330	
2628	10978642	
2629	10978950	
2630	10979254	
2631	10979553	
2632	10979848	
2633	10980138	
2634	10980425	
2635	10980707	
2636	10980985	
2637	10981258	
2638	10981527	
2639	10981792	
2640	10982053	
2641	10982309	
2642	10982561	
2643	10982809	
2644	10983052	
2645	10983291	
2646	10983526	
2647	10983757	
2648	10983983	
2649	10984205	
2650	10984423	
2651	10984636	
2652	10984845	
2653	10985050	
2654	10985250	
2655	10985447	
2656	10985639	
2657	10985826	
2658	10986010	
2659	10986189	
2660	10986363	
2661	10986534	
2662	10986700	
2663	10986862	
2664	10987019	
2665	10987173	
2666	10987322	
2667	10987466	
2668	10987607	
2669	10987743	
2670	10987875	
2671	10988002	
2672	10988125	
2673	10988244	
2674	10988359	
2675	10988469	
2676	10988575	
2677	10988677	
2678	10988775	
2679	10988868	
2680	10988957	
2681	10989041	
2682	10989121	
2683	10989197	
2684	10989269	
2685	10989337	
2686	10989400	
2687	10989458	
2688	10989513	
2689	10989563	
2690	10989609	
2691	10989651	
2692	10989688	
2693	10989721	
2694	10989750	
2695	10989774	
2696	10989795	
2697	10989811	
2698	10989822	
2699	10989829	
2700	10989832	
2701	10989831	
2702	10989826	
2703	10989816	
2704	10989802	
2705	10989783	
2706	10989760	
2707	10989733	
2708	10989702	
2709	10989666	
2710	10989626	
2711	10989582	
2712	10989534	
2713	10989481	
2714	10989424	
2715	10989362	
2716	10989297	
2717	10989227	
2718	10989153	
2719	10989074	
2720	10988991	
2721	10988904	
2722	10988813	
2723	10988717	
2724	10988617	
2725	10988513	
2726	10988404	
2727	10988291	
2728	10988174	
2729	10988053	
2730	10987927	
2731	10987797	
2732	10987662	
2733	10987524	
2734	10987381	
2735	10987234	
2736	10987082	
2737	10986926	
2738	10986766	
2739	10986602	
2740	10986433	
2741	10986260	
2742	10986083	
2743	10985902	
2744	10985716	
2745	10985526	
2746	10985331	
2747	10985133	
2748	10984930	
2749	10984723	
2750	10984511	
2751	10984295	
2752	10984075	
2753	10983851	
2754	10983622	
2755	10983389	
2756	10983152	
2757	10982910	
2758	10982665	
2759	10982415	
2760	10982160	
2761	10981902	
2762	10981639	
2763	10981371	
2764	10981100	
2765	10980824	
2766	10980544	
2767	10980260	
2768	10979971	
2769	10979678	
2770	10979381	
2771	10979079	
2772	10978773	
2773	10978463	
2774	10978149	
2775	10977830	
2776	10977507	
2777	10977180	
2778	10976849	
2779	10976513	
2780	10976173	
2781	10975829	
2782	10975480	
2783	10975127	
2784	10974770	
2785	10974409	
2786	10974043	
2787	10973673	
2788	10973299	
2789	10972920	
2790	10972537	
2791	10972150	
2792	10971759	
2793	10971363	
2794	10970963	
2795	10970559	
2796	10970150	
2797	10969738	
2798	10969321	
2799	10968899	
2800	10968474	
2801	10968044	
2802	10967610	
2803	10967171	
2804	10966728	
2805	10966282	
2806	10965830	
2807	10965375	
2808	10964915	
2809	10964451	
2810	10963983	
2811	10963510	
2812	10963033	
2813	10962552	
2814	10962067	
2815	10961577	
2816	10961083	
2817	10960585	
2818	10960082	
2819	10959575	
2820	10959064	
2821	10958549	
2822	10958029	
2823	10957506	
2824	10956977	
2825	10956445	
2826	10955908	
2827	10955368	
2828	10954822	
2829	10954273	
2830	10953719	
2831	10953161	
2832	10952599	
2833	10952033	
2834	10951462	
2835	10950887	
2836	10950307	
2837	10949724	
2838	10949136	
2839	10948544	
2840	10947948	
2841	10947347	
2842	10946742	
2843	10946133	
2844	10945520	
2845	10944902	
2846	10944280	
2847	10943654	
2848	10943024	
2849	10942389	
2850	10941750	
2851	10941107	
2852	10940459	
2853	10939808	
2854	10939152	
2855	10938492	
2856	10937827	
2857	10937158	
2858	10936485	
2859	10935808	
2860	10935127	
2861	10934441	
2862	10933751	
2863	10933057	
2864	10932358	
2865	10931656	
2866	10930949	
2867	10930237	
2868	10929522	
2869	10928802	
2870	10928078	
2871	10927350	
2872	10926617	
2873	10925881	
2874	10925140	
2875	10924395	
2876	10923645	
2877	10922891	
2878	10922133	
2879	10921371	
2880	10920605	
2881	10919834	
2882	10919059	
2883	10918280	
2884	10917497	
2885	10916709	
2886	10915917	
2887	10915121	
2888	10914321	
2889	10913516	
2890	10912707	
2891	10911894	
2892	10911077	
2893	10910255	
2894	10909429	
2895	10908599	
2896	10907765	
2897	10906927	
2898	10906084	
2899	10905237	
2900	10904386	
2901	10903530	
2902	10902671	
2903	10901807	
2904	10900939	
2905	10900066	
2906	10899190	
2907	10898309	
2908	10897424	
2909	10896535	
2910	10895641	
2911	10894743	
2912	10893841	
2913	10892935	
2914	10892025	
2915	10891110	
2916	10890191	
2917	10889268	
2918	10888341	
2919	10887410	
2920	10886474	
2921	10885534	
2922	10884590	
2923	10883641	
2924	10882689	
2925	10881732	
2926	10880771	
2927	10879806	
2928	10878836	
2929	10877862	
2930	10876884	
2931	10875902	
2932	10874916	
2933	10873925	
2934	10872931	
2935	10871932	
2936	10870928	
2937	10869921	
2938	10868909	
2939	10867894	
2940	10866874	
2941	10865849	
2942	10864821	
2943	10863788	
2944	10862751	
2945	10861710	
2946	10860665	
2947	10859615	
2948	10858562	
2949	10857504	
2950	10856442	
2951	10855376	
2952	10854305	
2953	10853230	
2954	10852151	
2955	10851068	
2956	10849981	
2957	10848890	
2958	10847794	
2959	10846694	
2960	10845590	
2961	10844482	
2962	10843369	
2963	10842252	
2964	10841132	
2965	10840007	
2966	10838877	
2967	10837744	
2968	10836606	
2969	10835464	
2970	10834318	
2971	10833168	
2972	10832014	
2973	10830855	
2974	10829693	
2975	10828526	
2976	10827355	
2977	10826179	
2978	10825000	
2979	10823816	
2980	10822628	
2981	10821436	
2982	10820240	
2983	10819040	
2984	10817835	
2985	10816626	
2986	10815413	
2987	10814196	
2988	10812975	
2989	10811750	
2990	10810520	
2991	10809286	
2992	10808048	
2993	10806806	
2994	10805560	
2995	10804309	
2996	10803055	
2997	10801796	
2998	10800533	
2999	10799266	
3000	10797994	
3001	10796719	
3002	10795439	
3003	10794155	
3004	10792867	
3005	10791575	
3006	10790279	
3007	10788978	
3008	10787674	
3009	10786365	
3010	10785052	
3011	10783735	
3012	10782414	
3013	10781088	
3014	10779759	
3015	10778425	
3016	10777087	
3017	10775745	
3018	10774399	
3019	10773049	
3020	10771694	
3021	10770336	
3022	10768973	
3023	10767606	
3024	10766235	
3025	10764860	
3026	10763480	
3027	10762097	
3028	10760709	
3029	10759317	
3030	10757921	
3031	10756521	
3032	10755117	
3033	10753709	
3034	10752296	
3035	10750880	
3036	10749459	
3037	10748034	
3038	10746605	
3039	10745172	
3040	10743735	
3041	10742293	
3042	10740848	
3043	10739398	
3044	10737944	
3045	10736486	
3046	10735024	
3047	10733558	
3048	10732088	
3049	10730613	
3050	10729135	
3051	10727652	
3052	10726165	
3053	10724674	
3054	10723179	
3055	10721680	
3056	10720177	
3057	10718669	
3058	10717158	
3059	10715642	
3060	10714122	
3061	10712599	
3062	10711071	
3063	10709539	
3064	10708002	
3065	10706462	
3066	10704918	
3067	10703369	
3068	10701816	
3069	10700260	
3070	10698699	
3071	10697134	
3072	10695565	
3073	10693992	
3074	10692415	
3075	10690833	
3076	10689248	
3077	10687658	
3078	10686065	
3079	10684467	
3080	10682865	
3081	10681259	
3082	10679649	
3083	10678035	
3084	10676417	
3085	10674794	
3086	10673168	
3087	10671538	
3088	10669903	
3089	10668264	
3090	10666622	
3091	10664975	
3092	10663324	
3093	10661669	
3094	10660010	
3095	10658347	
3096	10656680	
3097	10655008	
3098	10653333	
3099	10651653	
3100	10649970	
3101	10648282	
3102	10646591	
3103	10644895	
3104	10643195	
3105	10641491	
3106	10639783	
3107	10638071	
3108	10636355	
3109	10634635	
3110	10632911	
3111	10631183	
3112	10629450	
3113	10627714	
3114	10625973	
3115	10624229	
3116	10622480	
3117	10620728	
3118	10618971	
3119	10617210	
3120	10615445	
3121	10613677	
3122	10611904	
3123	10610127	
3124	10608346	
3125	10606561	
3126	10604772	
3127	10602978	
3128	10601181	
3129	10599380	
3130	10597575	
3131	10595765	
3132	10593952	
3133	10592135	
3134	10590313	
3135	10588488	
3136	10586658	
3137	10584825	
3138	10582987	
3139	10581146	
3140	10579300	
3141	10577450	
3142	10575597	
3143	10573739	
3144	10571877	
3145	10570011	
3146	10568141	
3147	10566268	
3148	10564390	
3149	10562508	
3150	10560622	
3151	10558732	
3152	10556838	
3153	10554940	
3154	10553038	
3155	10551132	
3156	10549222	
3157	10547308	
3158	10545390	
3159	10543468	
3160	10541542	
3161	10539612	
3162	10537678	
3163	10535740	
3164	10533798	
3165	10531852	
3166	10529902	
3167	10527948	
3168	10525990	
3169	10524028	
3170	10522062	
3171	10520092	
3172	10518118	
3173	10516140	
3174	10514158	
3175	10512172	
3176	10510182	
3177	10508188	
3178	10506190	
3179	10504188	
3180	10502182	
3181	10500172	
3182	10498158	
3183	10496140	
3184	10494118	
3185	10492093	
3186	10490063	
3187	10488029	
3188	10485991	
3189	10483950	
3190	10481904	
3191	10479854	
3192	10477801	
3193	10475743	
3194	10473681	
3195	10471616	
3196	10469546	
3197	10467473	
3198	10465395	
3199	10463314	
3200	10461229	
3201	10459139	
3202	10457046	
3203	10454949	
3204	10452848	
3205	10450743	
3206	10448633	
3207	10446520	
3208	10444403	
3209	10442283	
3210	10440158	
3211	10438029	
3212	10435896	
3213	10433759	
3214	10431619	
3215	10429474	
3216	10427326	
3217	10425173	
3218	10423017	
3219	10420856	
3220	10418692	
3221	10416524	
3222	10414352	
3223	10412176	
3224	10409996	
3225	10407812	
3226	10405624	
3227	10403432	
3228	10401237	
3229	10399037	
3230	10396834	
3231	10394626	
3232	10392415	
3233	10390200	
3234	10387980	
3235	10385757	
3236	10383530	
3237	10381299	
3238	10379065	
3239	10376826	
3240	10374583	
3241	10372337	
3242	10370086	
3243	10367832	
3244	10365574	
3245	10363311	
3246	10361045	
3247	10358776	
3248	10356502	
3249	10354224	
3250	10351942	
3251	10349657	
3252	10347367	
3253	10345074	
3254	10342777	
3255	10340476	
3256	10338171	
3257	10335862	
3258	10333550	
3259	10331233	
3260	10328912	
3261	10326588	
3262	10324260	
3263	10321928	
3264	10319592	
3265	10317252	
3266	10314908	
3267	10312561	
3268	10310209	
3269	10307854	
3270	10305495	
3271	10303132	
3272	10300765	
3273	10298394	
3274	10296020	
3275	10293641	
3276	10291259	
3277	10288873	
3278	10286483	
3279	10284089	
3280	10281691	
3281	10279290	
3282	10276884	
3283	10274475	
3284	10272062	
3285	10269645	
3286	10267224	
3287	10264800	
3288	10262371	
3289	10259939	
3290	10257503	
3291	10255063	
3292	10252619	
3293	10250172	
3294	10247720	
3295	10245265	
3296	10242806	
3297	10240343	
3298	10237876	
3299	10235406	
3300	10232931	
3301	10230453	
3302	10227971	
3303	10225485	
3304	10222996	
3305	10220502	
3306	10218005	
3307	10215504	
3308	10212999	
3309	10210490	
3310	10207978	
3311	10205462	
3312	10202942	
3313	10200418	
3314	10197890	
3315	10195359	
3316	10192823	
3317	10190284	
3318	10187742	
3319	10185195	
3320	10182645	
3321	10180090	
3322	10177532	
3323	10174971	
3324	10172405	
3325	10169836	
3326	10167263	
3327	10164686	
3328	10162105	
3329	10159521	
3330	10156932	
3331	10154340	
3332	10151745	
3333	10149145	
3334	10146542	
3335	10143935	
3336	10141324	
3337	10138710	
3338	10136091	
3339	10133469	
3340	10130843	
3341	10128214	
3342	10125580	
3343	10122943	
3344	10120302	
3345	10117658	
3346	10115010	
3347	10112358	
3348	10109702	
3349	10107042	
3350	10104379	
3351	10101712	
3352	10099041	
3353	10096367	
3354	10093688	
3355	10091006	
3356	10088321	
3357	10085631	
3358	10082938	
3359	10080241	
3360	10077541	
3361	10074836	
3362	10072128	
3363	10069416	
3364	10066701	
3365	10063982	
3366	10061259	
3367	10058532	
3368	10055802	
3369	10053068	
3370	10050330	
3371	10047589	
3372	10044844	
3373	10042095	
3374	10039342	
3375	10036586	
3376	10033826	
3377	10031062	
3378	10028295	
3379	10025524	
3380	10022749	
3381	10019971	
3382	10017189	
3383	10014403	
3384	10011614	
3385	10008821	
3386	10006024	
3387	10003223	
3388	10000419	
3389	9997611	
3390	9994800	
3391	9991985	
3392	9989166	
3393	9986343	
3394	9983517	
3395	9980687	
3396	9977854	
3397	9975017	
3398	9972176	
3399	9969332	
3400	9966484	
3401	9963632	
3402	9960776	
3403	9957917	
3404	9955055	
3405	9952188	
3406	9949318	
3407	9946445	
3408	9943567	
3409	9940686	
3410	9937802	
3411	9934914	
3412	9932022	
3413	9929126	
3414	9926227	
3415	9923325	
3416	9920418	
3417	9917508	
3418	9914595	
3419	9911678	
3420	9908757	
3421	9905832	
3422	9902904	
3423	9899973	
3424	9897037	
3425	9894099	
3426	9891156	
3427	9888210	
3428	9885260	
3429	9882307	
3430	9879350	
3431	9876390	
3432	9873426	
3433	9870458	
3434	9867487	
3435	9864512	
3436	9861533	
3437	9858551	
3438	9855566	
3439	9852576	
3440	9849584	
3441	9846587	
3442	9843587	
3443	9840584	
3444	9837577	
3445	9834566	
3446	9831552	
3447	9828534	
3448	9825513	
3449	9822488	
3450	9819459	
3451	9816427	
3452	9813392	
3453	9810352	
3454	9807310	
3455	9804263	
3456	9801214	
3457	9798160	
3458	9795103	
3459	9792043	
3460	9788979	
3461	9785911	
3462	9782840	
3463	9779766	
3464	9776687	
3465	9773606	
3466	9770520	
3467	9767432	
3468	9764339	
3469	9761244	
3470	9758144	
3471	9755041	
3472	9751935	
3473	9748825	
3474	9745712	
3475	9742595	
3476	9739474	
3477	9736350	
3478	9733223	
3479	9730092	
3480	9726957	
3481	9723819	
3482	9720678	
3483	9717533	
3484	9714385	
3485	9711233	
3486	9708077	
3487	9704918	
3488	9701756	
3489	9698590	
3490	9695420	
3491	9692247	
3492	9689071	
3493	9685891	
3494	9682708	
3495	9679521	
3496	9676331	
3497	9673137	
3498	9669940	
3499	9666739	
3500	9663535	
3501	9660327	
3502	9657116	
3503	9653902	
3504	9650684	
3505	9647462	
3506	9644238	
3507	9641009	
3508	9637777	
3509	9634542	
3510	9631304	
3511	9628061	
3512	9624816	
3513	9621567	
3514	9618314	
3515	9615059	
3516	9611799	
3517	9608536	
3518	9605270	
3519	9602001	
3520	9598728	
3521	9595451	
3522	9592171	
3523	9588888	
3524	9585601	
3525	9582311	
3526	9579018	
3527	9575721	
3528	9572421	
3529	9569117	
3530	9565810	
3531	9562499	
3532	9559185	
3533	9555868	
3534	9552547	
3535	9549223	
3536	9545896	
3537	9542565	
3538	9539230	
3539	9535893	
3540	9532552	
3541	9529207	
3542	9525859	
3543	9522508	
3544	9519154	
3545	9515796	
3546	9512434	
3547	9509070	
3548	9505702	
3549	9502330	
3550	9498955	
3551	9495577	
3552	9492196	
3553	9488811	
3554	9485423	
3555	9482031	
3556	9478636	
3557	9475238	
3558	9471837	
3559	9468432	
3560	9465023	
3561	9461612	
3562	9458197	
3563	9454779	
3564	9451357	
3565	9447932	
3566	9444504	
3567	9441072	
3568	9437638	
3569	9434199	
3570	9430758	
3571	9427313	
3572	9423865	
3573	9420413	
3574	9416959	
3575	9413500	
3576	9410039	
3577	9406574	
3578	9403106	
3579	9399635	
3580	9396160	
3581	9392683	
3582	9389201	
3583	9385717	
3584	9382229	
3585	9378738	
3586	9375244	
3587	9371746	
3588	9368245	
3589	9364741	
3590	9361234	
3591	9357723	
3592	9354209	
3593	9350692	
3594	9347171	
3595	9343648	
3596	9340121	
3597	9336590	
3598	9333057	
3599	9329520	
3600	9325980	
3601	9322437	
3602	9318890	
3603	9315340	
3604	9311787	
3605	9308231	
3606	9304672	
3607	9301109	
3608	9297543	
3609	9293974	
3610	9290401	
3611	9286826	
3612	9283247	
3613	9279665	
3614	9276079	
3615	9272491	
3616	9268899	
3617	9265304	
3618	9261706	
3619	9258105	
3620	9254500	
3621	9250892	
3622	9247281	
3623	9243667	
3624	9240050	
3625	9236429	
3626	9232805	
3627	9229179	
3628	9225548	
3629	9221915	
3630	9218279	
3631	9214639	
3632	9210996	
3633	9207350	
3634	9203701	
3635	9200048	
3636	9196393	
3637	9192734	
3638	9189072	
3639	9185407	
3640	9181739	
3641	9178068	
3642	9174393	
3643	9170715	
3644	9167035	
3645	9163351	
3646	9159664	
3647	9155973	
3648	9152280	
3649	9148583	
3650	9144884	
3651	9141181	
3652	9137475	
3653	9133766	
3654	9130054	
3655	9126338	
3656	9122620	
3657	9118898	
3658	9115174	
3659	9111446	
3660	9107715	
3661	9103981	
3662	9100244	
3663	9096504	
3664	9092761	
3665	9089014	
3666	9085265	
3667	9081512	
3668	9077756	
3669	9073998	
3670	9070236	
3671	9066471	
3672	9062703	
3673	9058932	
3674	9055157	
3675	9051380	
3676	9047600	
3677	9043816	
3678	9040030	
3679	9036240	
3680	9032448	
3681	9028652	
3682	9024853	
3683	9021052	
3684	9017247	
3685	9013439	
3686	9009628	
3687	9005814	
3688	9001997	
3689	8998177	
3690	8994354	
3691	8990528	
3692	8986699	
3693	8982866	
3694	8979031	
3695	8975193	
3696	8971352	
3697	8967507	
3698	8963660	
3699	8959810	
3700	8955956	
3701	8952100	
3702	8948241	
3703	8944378	
3704	8940513	
3705	8936645	
3706	8932773	
3707	8928899	
3708	8925022	
3709	8921141	
3710	8917258	
3711	8913372	
3712	8909482	
3713	8905590	
3714	8901695	
3715	8897796	
3716	8893895	
3717	8889991	
3718	8886084	
3719	8882174	
3720	8878261	
3721	8874345	
3722	8870426	
3723	8866504	
3724	8862579	
3725	8858651	
3726	8854720	
3727	8850787	
3728	8846850	
3729	8842910	
3730	8838968	
3731	8835022	
3732	8831074	
3733	8827122	
3734	8823168	
3735	8819211	
3736	8815251	
3737	8811288	
3738	8807322	
3739	8803353	
3740	8799381	
3741	8795406	
3742	8791429	
3743	8787448	
3744	8783465	
3745	8779479	
3746	8775489	
3747	8771497	
3748	8767502	
3749	8763504	
3750	8759504	
3751	8755500	
3752	8751493	
3753	8747484	
3754	8743472	
3755	8739457	
3756	8735439	
3757	8731418	
3758	8727394	
3759	8723367	
3760	8719338	
3761	8715306	
3762	8711270	
3763	8707232	
3764	8703192	
3765	8699148	
3766	8695101	
3767	8691052	
3768	8687000	
3769	8682945	
3770	8678887	
3771	8674826	
3772	8670762	
3773	8666696	
3774	8662627	
3775	8658555	
3776	8654480	
3777	8650402	
3778	8646322	
3779	8642238	
3780	8638152	
3781	8634064	
3782	8629972	
3783	8625877	
3784	8621780	
3785	8617680	
3786	8613577	
3787	8609472	
3788	8605363	
3789	8601252	
3790	8597138	
3791	8593021	
3792	8588902	
3793	8584779	
3794	8580654	
3795	8576526	
3796	8572396	
3797	8568262	
3798	8564126	
3799	8559987	
3800	8555846	
3801	8551701	
3802	8547554	
3803	8543404	
3804	8539252	
3805	8535097	
3806	8530938	
3807	8526778	
3808	8522614	
3809	8518448	
3810	8514279	
3811	8510107	
3812	8505933	
3813	8501756	
3814	8497576	
3815	8493393	
3816	8489208	
3817	8485020	
3818	8480829	
3819	8476636	
3820	8472440	
3821	8468241	
3822	8464040	
3823	8459836	
3824	8455629	
3825	8451419	
3826	8447207	
3827	8442992	
3828	8438775	
3829	8434555	
3830	8430332	
3831	8426106	
3832	8421878	
3833	8417647	
3834	8413414	
3835	8409178	
3836	8404939	
3837	8400697	
3838	8396453	
3839	8392206	
3840	8387957	
3841	8383705	
3842	8379450	
3843	8375193	
3844	8370933	
3845	8366671	
3846	8362406	
3847	8358138	
3848	8353867	
3849	8349594	
3850	8345319	
3851	8341041	
3852	8336760	
3853	8332476	
3854	8328190	
3855	8323902	
3856	8319610	
3857	8315317	
3858	8311020	
3859	8306721	
3860	8302420	
3861	8298116	
3862	8293809	
3863	8289499	
3864	8285188	
3865	8280873	
3866	8276556	
3867	8272237	
3868	8267915	
3869	8263590	
3870	8259263	
3871	8254933	
3872	8250601	
3873	8246266	
3874	8241928	
3875	8237588	
3876	8233246	
3877	8228901	
3878	8224553	
3879	8220203	
3880	8215851	
3881	8211496	
3882	8207138	
3883	8202778	
3884	8198415	
3885	8194050	
3886	8189682	
3887	8185312	
3888	8180939	
3889	8176564	
3890	8172187	
3891	8167806	
3892	8163424	
3893	8159039	
3894	8154651	
3895	8150261	
3896	8145868	
3897	8141473	
3898	8137076	
3899	8132676	
3900	8128273	
3901	8123868	
3902	8119461	
3903	8115051	
3904	8110639	
3905	8106224	
3906	8101807	
3907	8097388	
3908	8092965	
3909	8088541	
3910	8084114	
3911	8079685	
3912	8075253	
3913	8070819	
3914	8066382	
3915	8061943	
3916	8057502	
3917	8053058	
3918	8048611	
3919	8044163	
3920	8039712	
3921	8035258	
3922	8030802	
3923	8026344	
3924	8021883	
3925	8017420	
3926	8012955	
3927	8008487	
3928	8004017	
3929	7999544	
3930	7995069	
3931	7990592	
3932	7986112	
3933	7981630	
3934	7977146	
3935	7972659	
3936	7968170	
3937	7963678	
3938	7959184	
3939	7954688	
3940	7950189	
3941	7945689	
3942	7941185	
3943	7936680	
3944	7932172	
3945	7927662	
3946	7923149	
3947	7918634	
3948	7914117	
3949	7909598	
3950	7905076	
3951	7900552	
3952	7896025	
3953	7891497	
3954	7886966	
3955	7882432	
3956	7877897	
3957	7873359	
3958	7868819	
3959	7864276	
3960	7859731	
3961	7855184	
3962	7850635	
3963	7846084	
3964	7841530	
3965	7836974	
3966	7832415	
3967	7827855	
3968	7823292	
3969	7818727	
3970	7814159	
3971	7809590	
3972	7805018	
3973	7800444	
3974	7795867	
3975	7791289	
3976	7786708	
3977	7782125	
3978	7777540	
3979	7772952	
3980	7768362	
3981	7763770	
3982	7759176	
3983	7754580	
3984	7749981	
3985	7745381	
3986	7740778	
3987	7736173	
3988	7731565	
3989	7726956	
3990	7722344	
3991	7717730	
3992	7713114	
3993	7708496	
3994	7703875	
3995	7699253	
3996	7694628	
3997	7690001	
3998	7685372	
3999	7680741	
4000	7676108	
4001	7671472	
4002	7666834	
4003	7662195	
4004	7657553	
4005	7652908	
4006	7648262	
4007	7643614	
4008	7638963	
4009	7634311	
4010	7629656	
4011	7624999	
4012	7620340	
4013	7615679	
4014	7611016	
4015	7606351	
4016	7601683	
4017	7597014	
4018	7592342	
4019	7587668	
4020	7582993	
4021	7578315	
4022	7573635	
4023	7568953	
4024	7564269	
4025	7559583	
4026	7554894	
4027	7550204	
4028	7545512	
4029	7540817	
4030	7536121	
4031	7531422	
4032	7526722	
4033	7522019	
4034	7517315	
4035	7512608	
4036	7507899	
4037	7503188	
4038	7498476	
4039	7493761	
4040	7489044	
4041	7484325	
4042	7479604	
4043	7474881	
4044	7470156	
4045	7465429	
4046	7460701	
4047	7455970	
4048	7451237	
4049	7446502	
4050	7441765	
4051	7437026	
4052	7432285	
4053	7427542	
4054	7422798	
4055	7418051	
4056	7413302	
4057	7408551	
4058	7403799	
4059	7399044	
4060	7394287	
4061	7389529	
4062	7384768	
4063	7380006	
4064	7375242	
4065	7370475	
4066	7365707	
4067	7360937	
4068	7356165	
4069	7351391	
4070	7346615	
4071	7341837	
4072	7337057	
4073	7332275	
4074	7327492	
4075	7322706	
4076	7317919	
4077	7313130	
4078	7308338	
4079	7303545	
4080	7298750	
4081	7293954	
4082	7289155	
4083	7284354	
4084	7279552	
4085	7274747	
4086	7269941	
4087	7265133	
4088	7260323	
4089	7255511	
4090	7250698	
4091	7245882	
4092	7241065	
4093	7236246	
4094	7231424	
4095	7226602	
4096	7221777	
4097	7216950	
4098	7212122	
4099	7207292	
4100	7202460	
4101	7197626	
4102	7192790	
4103	7187953	
4104	7183114	
4105	7178273	
4106	7173430	
4107	7168585	
4108	7163739	
4109	7158891	
4110	7154041	
4111	7149189	
4112	7144335	
4113	7139480	
4114	7134623	
4115	7129764	
4116	7124903	
4117	7120041	
4118	7115177	
4119	7110311	
4120	7105443	
4121	7100574	
4122	7095703	
4123	7090830	
4124	7085955	
4125	7081079	
4126	7076201	
4127	7071321	
4128	7066440	
4129	7061557	
4130	7056672	
4131	7051785	
4132	7046897	
4133	7042007	
4134	7037115	
4135	7032221	
4136	7027326	
4137	7022430	
4138	7017531	
4139	7012631	
4140	7007729	
4141	7002825	
4142	6997920	
4143	6993013	
4144	6988105	
4145	6983195	
4146	6978283	
4147	6973369	
4148	6968454	
4149	6963537	
4150	6958619	
4151	6953699	
4152	6948777	
4153	6943854	
4154	6938929	
4155	6934002	
4156	6929074	
4157	6924144	
4158	6919213	
4159	6914280	
4160	6909345	
4161	6904409	
4162	6899471	
4163	6894532	
4164	6889591	
4165	6884648	
4166	6879704	
4167	6874758	
4168	6869811	
4169	6864862	
4170	6859911	
4171	6854959	
4172	6850006	
4173	6845050	
4174	6840094	
4175	6835135	
4176	6830175	
4177	6825214	
4178	6820251	
4179	6815287	
4180	6810321	
4181	6805353	
4182	6800384	
4183	6795414	
4184	6790441	
4185	6785468	
4186	6780493	
4187	6775516	
4188	6770538	
4189	6765558	
4190	6760577	
4191	6755595	
4192	6750611	
4193	6745625	
4194	6740638	
4195	6735649	
4196	6730659	
4197	6725668	
4198	6720675	
4199	6715680	
4200	6710685	
4201	6705687	
4202	6700688	
4203	6695688	
4204	6690687	
4205	6685683	
4206	6680679	
4207	6675673	
4208	6670666	
4209	6665657	
4210	6660646	
4211	6655635	
4212	6650622	
4213	6645607	
4214	6640591	
4215	6635574	
4216	6630555	
4217	6625535	
4218	6620514	
4219	6615491	
4220	6610467	
4221	6605441	
4222	6600414	
4223	6595385	
4224	6590356	
4225	6585325	
4226	6580292	
4227	6575258	
4228	6570223	
4229	6565186	
4230	6560149	
4231	6555109	
4232	6550069	
4233	6545027	
4234	6539984	
4235	6534939	
4236	6529893	
4237	6524846	
4238	6519797	
4239	6514748	
4240	6509696	
4241	6504644	
4242	6499590	
4243	6494535	
4244	6489479	
4245	6484421	
4246	6479362	
4247	6474302	
4248	6469241	
4249	6464178	
4250	6459114	
4251	6454049	
4252	6448982	
4253	6443914	
4254	6438845	
4255	6433775	
4256	6428703	
4257	6423630	
4258	6418556	
4259	6413481	
4260	6408405	
4261	6403327	
4262	6398248	
4263	6393168	
4264	6388086	
4265	6383004	
4266	6377920	
4267	6372835	
4268	6367749	
4269	6362661	
4270	6357573	
4271	6352483	
4272	6347392	
4273	6342300	
4274	6337206	
4275	6332112	
4276	6327016	
4277	6321919	
4278	6316821	
4279	6311722	
4280	6306622	
4281	6301520	
4282	6296418	
4283	6291314	
4284	6286209	
4285	6281103	
4286	6275996	
4287	6270887	
4288	6265778	
4289	6260668	
4290	6255556	
4291	6250443	
4292	6245329	
4293	6240214	
4294	6235098	
4295	6229981	
4296	6224863	
4297	6219743	
4298	6214623	
4299	6209502	
4300	6204379	
4301	6199255	
4302	6194131	
4303	6189005	
4304	6183878	
4305	6178750	
4306	6173621	
4307	6168491	
4308	6163360	
4309	6158228	
4310	6153095	
4311	6147961	
4312	6142826	
4313	6137689	
4314	6132552	
4315	6127414	
4316	6122275	
4317	6117135	
4318	6111993	
4319	6106851	
4320	6101708	
4321	6096564	
4322	6091418	
4323	6086272	
4324	6081125	
4325	6075977	
4326	6070828	
4327	6065678	
4328	6060527	
4329	6055375	
4330	6050222	
4331	6045068	
4332	6039913	
4333	6034757	
4334	6029600	
4335	6024443	
4336	6019284	
4337	6014124	
4338	6008964	
4339	6003802	
4340	5998640	
4341	5993477	
4342	5988313	
4343	5983148	
4344	5977982	
4345	5972815	
4346	5967647	
4347	5962479	
4348	5957309	
4349	5952139	
4350	5946968	
4351	5941796	
4352	5936623	
4353	5931449	
4354	5926274	
4355	5921099	
4356	5915922	
4357	5910745	
4358	5905567	
4359	5900388	
4360	5895208	
4361	5890028	
4362	5884846	
4363	5879664	
4364	5874481	
4365	5869297	
4366	5864113	
4367	5858927	
4368	5853741	
4369	5848554	
4370	5843366	
4371	5838177	
4372	5832988	
4373	5827798	
4374	5822607	
4375	5817415	
4376	5812222	
4377	5807029	
4378	5801835	
4379	5796640	
4380	5791445	
4381	5786248	
4382	5781051	
4383	5775854	
4384	5770655	
4385	5765456	
4386	5760256	
4387	5755055	
4388	5749854	
4389	5744652	
4390	5739449	
4391	5734245	
4392	5729041	
4393	5723836	
4394	5718631	
4395	5713424	
4396	5708217	
4397	5703010	
4398	5697801	
4399	5692592	
4400	5687383	
4401	5682172	
4402	5676961	
4403	5671750	
4404	5666537	
4405	5661324	
4406	5656111	
4407	5650897	
4408	5645682	
4409	5640466	
4410	5635250	
4411	5630033	
4412	5624816	
4413	5619598	
4414	5614379	
4415	5609160	
4416	5603940	
4417	5598720	
4418	5593499	
4419	5588278	
4420	5583055	
4421	5577833	
4422	5572609	
4423	5567386	
4424	5562161	
4425	5556936	
4426	5551711	
4427	5546485	
4428	5541258	
4429	5536031	
4430	5530803	
4431	5525575	
4432	5520346	
4433	5515117	
4434	5509887	
4435	5504656	
4436	5499426	
4437	5494194	
4438	5488962	
4439	5483730	
4440	5478497	
4441	5473264	
4442	5468030	
4443	5462795	
4444	5457560	
4445	5452325	
4446	5447089	
4447	5441853	
4448	5436616	
4449	5431379	
4450	5426142	
4451	5420904	
4452	5415665	
4453	5410426	
4454	5405187	
4455	5399947	
4456	5394707	
4457	5389466	
4458	5384225	
4459	5378983	
4460	5373741	
4461	5368499	
4462	5363256	
4463	5358013	
4464	5352770	
4465	5347526	
4466	5342281	
4467	5337037	
4468	5331792	
4469	5326546	
4470	5321300	
4471	5316054	
4472	5310808	
4473	5305561	
4474	5300314	
4475	5295066	
4476	5289818	
4477	5284570	
4478	5279321	
4479	5274072	
4480	5268823	
4481	5263574	
4482	5258324	
4483	5253074	
4484	5247823	
4485	5242572	
4486	5237321	
4487	5232070	
4488	5226818	
4489	5221566	
4490	5216314	
4491	5211062	
4492	5205809	
4493	5200556	
4494	5195303	
4495	5190049	
4496	5184795	
4497	5179541	
4498	5174287	
4499	5169032	
4500	5163778	
4501	5158523	
4502	5153267	
4503	5148012	
4504	5142756	
4505	5137500	
4506	5132244	
4507	5126988	
4508	5121732	
4509	5116475	
4510	5111218	
4511	5105961	
4512	5100704	
4513	5095446	
4514	5090189	
4515	5084931	
4516	5079673	
4517	5074415	
4518	5069157	
4519	5063898	
4520	5058640	
4521	5053381	
4522	5048122	
4523	5042863	
4524	5037604	
4525	5032345	
4526	5027086	
4527	5021826	
4528	5016567	
4529	5011307	
4530	5006048	
4531	5000788	
4532	4995528	
4533	4990268	
4534	4985008	
4535	4979747	
4536	4974487	
4537	4969227	
4538	4963967	
4539	4958706	
4540	4953446	
4541	4948185	
4542	4942924	
4543	4937664	
4544	4932403	
4545	4927142	
4546	4921882	
4547	4916621	
4548	4911360	
4549	4906099	
4550	4900839	
4551	4895578	
4552	4890317	
4553	4885056	
4554	4879795	
4555	4874535	
4556	4869274	
4557	4864013	
4558	4858752	
4559	4853492	
4560	4848231	
4561	4842971	
4562	4837710	
4563	4832450	
4564	4827189	
4565	4821929	
4566	4816668	
4567	4811408	
4568	4806148	
4569	4800888	
4570	4795628	
4571	4790368	
4572	4785108	
4573	4779848	
4574	4774589	
4575	4769329	
4576	4764070	
4577	4758810	
4578	4753551	
4579	4748292	
4580	4743033	
4581	4737774	
4582	4732516	
4583	4727257	
4584	4721999	
4585	4716740	
4586	4711482	
4587	4706224	
4588	4700967	
4589	4695709	
4590	4690452	
4591	4685194	
4592	4679937	
4593	4674680	
4594	4669424	
4595	4664167	
4596	4658911	
4597	4653655	
4598	4648399	
4599	4643143	
4600	4637888	
4601	4632633	
4602	4627378	
4603	4622123	
4604	4616869	
4605	4611614	
4606	4606360	
4607	4601107	
4608	4595853	
4609	4590600	
4610	4585347	
4611	4580094	
4612	4574842	
4613	4569590	
4614	4564338	
4615	4559087	
4616	4553835	
4617	4548584	
4618	4543334	
4619	4538084	
4620	4532834	
4621	4527584	
4622	4522335	
4623	4517086	
4624	4511837	
4625	4506588	
4626	4501340	
4627	4496093	
4628	4490846	
4629	4485599	
4630	4480352	
4631	4475106	
4632	4469860	
4633	4464615	
4634	4459369	
4635	4454125	
4636	4448880	
4637	4443637	
4638	4438393	
4639	4433150	
4640	4427907	
4641	4422665	
4642	4417423	
4643	4412182	
4644	4406941	
4645	4401700	
4646	4396460	
4647	4391220	
4648	4385981	
4649	4380742	
4650	4375504	
4651	4370266	
4652	4365029	
4653	4359792	
4654	4354555	
4655	4349320	
4656	4344084	
4657	4338849	
4658	4333615	
4659	4328381	
4660	4323147	
4661	4317914	
4662	4312682	
4663	4307450	
4664	4302219	
4665	4296988	
4666	4291757	
4667	4286528	
4668	4281298	
4669	4276070	
4670	4270842	
4671	4265614	
4672	4260387	
4673	4255161	
4674	4249935	
4675	4244709	
4676	4239485	
4677	4234261	
4678	4229037	
4679	4223814	
4680	4218592	
4681	4213370	
4682	4208149	
4683	4202929	
4684	4197709	
4685	4192490	
4686	4187271	
4687	4182053	
4688	4176836	
4689	4171619	
4690	4166403	
4691	4161188	
4692	4155973	
4693	4150759	
4694	4145546	
4695	4140333	
4696	4135121	
4697	4129910	
4698	4124699	
4699	4119489	
4700	4114280	
4701	4109072	
4702	4103864	
4703	4098657	
4704	4093451	
4705	4088245	
4706	4083040	
4707	4077836	
4708	4072632	
4709	4067430	
4710	4062228	
4711	4057027	
4712	4051826	
4713	4046627	
4714	4041428	
4715	4036230	
4716	4031033	
4717	4025836	
4718	4020640	
4719	4015445	
4720	4010251	
4721	4005058	
4722	3999865	
4723	3994674	
4724	3989483	
4725	3984293	
4726	3979104	
4727	3973915	
4728	3968728	
4729	3963541	
4730	3958355	
4731	3953170	
4732	3947986	
4733	3942803	
4734	3937621	
4735	3932439	
4736	3927258	
4737	3922079	
4738	3916900	
4739	3911722	
4740	3906545	
4741	3901369	
4742	3896193	
4743	3891019	
4744	3885846	
4745	3880673	
4746	3875502	
4747	3870331	
4748	3865161	
4749	3859993	
4750	3854825	
4751	3849658	
4752	3844492	
4753	3839328	
4754	3834164	
4755	3829001	
4756	3823839	
4757	3818678	
4758	3813518	
4759	3808359	
4760	3803201	
4761	3798044	
4762	3792888	
4763	3787733	
4764	3782579	
4765	3777426	
4766	3772274	
4767	3767124	
4768	3761974	
4769	3756825	
4770	3751677	
4771	3746531	
4772	3741385	
4773	3736241	
4774	3731097	
4775	3725955	
4776	3720814	
4777	3715674	
4778	3710535	
4779	3705397	
4780	3700260	
4781	3695124	
4782	3689989	
4783	3684856	
4784	3679723	
4785	3674592	
4786	3669462	
4787	3664333	
4788	3659205	
4789	3654078	
4790	3648953	
4791	3643829	
4792	3638705	
4793	3633583	
4794	3628462	
4795	3623343	
4796	3618224	
4797	3613107	
4798	3607991	
4799	3602876	
4800	3597762	
4801	3592650	
4802	3587538	
4803	3582428	
4804	3577320	
4805	3572212	
4806	3567106	
4807	3562001	
4808	3556897	
4809	3551794	
4810	3546693	
4811	3541593	
4812	3536494	
4813	3531396	
4814	3526300	
4815	3521205	
4816	3516111	
4817	3511019	
4818	3505928	
4819	3500838	
4820	3495750	
4821	3490662	
4822	3485577	
4823	3480492	
4824	3475409	
4825	3470327	
4826	3465246	
4827	3460167	
4828	3455090	
4829	3450013	
4830	3444938	
4831	3439864	
4832	3434792	
4833	3429721	
4834	3424651	
4835	3419583	
4836	3414516	
4837	3409451	
4838	3404387	
4839	3399324	
4840	3394263	
4841	3389203	
4842	3384145	
4843	3379088	
4844	3374033	
4845	3368979	
4846	3363926	
4847	3358875	
4848	3353825	
4849	3348777	
4850	3343731	
4851	3338685	
4852	3333642	
4853	3328599	
4854	3323558	
4855	3318519	
4856	3313481	
4857	3308445	
4858	3303410	
4859	3298377	
4860	3293345	
4861	3288315	
4862	3283286	
4863	3278259	
4864	3273234	
4865	3268210	
4866	3263187	
4867	3258166	
4868	3253147	
4869	3248129	
4870	3243113	
4871	3238098	
4872	3233085	
4873	3228073	
4874	3223063	
4875	3218055	
4876	3213048	
4877	3208043	
4878	3203040	
4879	3198038	
4880	3193038	
4881	3188039	
4882	3183042	
4883	3178047	
4884	3173053	
4885	3168061	
4886	3163071	
4887	3158083	
4888	3153096	
4889	3148110	
4890	3143127	
4891	3138145	
4892	3133164	
4893	3128186	
4894	3123209	
4895	3118234	
4896	3113260	
4897	3108289	
4898	3103319	
4899	3098350	
4900	3093384	
4901	3088419	
4902	3083456	
4903	3078495	
4904	3073535	
4905	3068578	
4906	3063622	
4907	3058667	
4908	3053715	
4909	3048764	
4910	3043815	
4911	3038868	
4912	3033923	
4913	3028980	
4914	3024038	
4915	3019098	
4916	3014160	
4917	3009224	
4918	3004290	
4919	2999357	
4920	2994426	
4921	2989498	
4922	2984571	
4923	2979646	
4924	2974722	
4925	2969801	
4926	2964882	
4927	2959964	
4928	2955048	
4929	2950134	
4930	2945222	
4931	2940312	
4932	2935404	
4933	2930498	
4934	2925594	
4935	2920692	
4936	2915791	
4937	2910893	
4938	2905996	
4939	2901102	
4940	2896209	
4941	2891318	
4942	2886430	
4943	2881543	
4944	2876658	
4945	2871775	
4946	2866895	
4947	2862016	
4948	2857139	
4949	2852264	
4950	2847391	
4951	2842521	
4952	2837652	
4953	2832785	
4954	2827920	
4955	2823058	
4956	2818197	
4957	2813339	
4958	2808482	
4959	2803628	
4960	2798775	
4961	2793925	
4962	2789077	
4963	2784231	
4964	2779386	
4965	2774544	
4966	2769705	
4967	2764867	
4968	2760031	
4969	2755198	
4970	2750366	
4971	2745537	
4972	2740710	
4973	2735885	
4974	2731062	
4975	2726241	
4976	2721422	
4977	2716606	
4978	2711792	
4979	2706980	
4980	2702170	
4981	2697362	
4982	2692556	
4983	2687753	
4984	2682952	
4985	2678153	
4986	2673356	
4987	2668562	
4988	2663769	
4989	2658979	
4990	2654191	
4991	2649406	
4992	2644622	
4993	2639841	
4994	2635062	
4995	2630286	
4996	2625511	
4997	2620739	
4998	2615970	
4999	2611202	
5000	2606437	
5001	2601674	
5002	2596913	
5003	2592155	
5004	2587399	
5005	2582645	
5006	2577894	
5007	2573145	
5008	2568398	
5009	2563654	
5010	2558912	
5011	2554172	
5012	2549435	
5013	2544700	
5014	2539967	
5015	2535237	
5016	2530509	
5017	2525784	
5018	2521061	
5019	2516340	
5020	2511622	
5021	2506906	
5022	2502193	
