Energy(keV) 	 Hits(N) 
1	568341	
2	570196	
3	572215	
4	574487	
5	577034	
6	579843	
7	582887	
8	586135	
9	589559	
10	593133	
11	596834	
12	600644	
13	604546	
14	608527	
15	612576	
16	616681	
17	620837	
18	625034	
19	629267	
20	633532	
21	637824	
22	642138	
23	646472	
24	650823	
25	655189	
26	659568	
27	663957	
28	668355	
29	672761	
30	677173	
31	681591	
32	686013	
33	690439	
34	694869	
35	699300	
36	703734	
37	708169	
38	712606	
39	717043	
40	721480	
41	725918	
42	730356	
43	734793	
44	739230	
45	743667	
46	748103	
47	752538	
48	756972	
49	761405	
50	765838	
51	770269	
52	774699	
53	779129	
54	783557	
55	787984	
56	792410	
57	796835	
58	801259	
59	805682	
60	810103	
61	814524	
62	818944	
63	823363	
64	827781	
65	832199	
66	836615	
67	841031	
68	845446	
69	849860	
70	854273	
71	858686	
72	863099	
73	867511	
74	871922	
75	876333	
76	880744	
77	885154	
78	889564	
79	893974	
80	898384	
81	902793	
82	907202	
83	911612	
84	916021	
85	920430	
86	924840	
87	929249	
88	933659	
89	938069	
90	942479	
91	946889	
92	951300	
93	955711	
94	960122	
95	964534	
96	968947	
97	973360	
98	977773	
99	982187	
100	986602	
101	991017	
102	995433	
103	999850	
104	1004268	
105	1008686	
106	1013105	
107	1017526	
108	1021947	
109	1026369	
110	1030791	
111	1035215	
112	1039640	
113	1044066	
114	1048493	
115	1052922	
116	1057351	
117	1061781	
118	1066213	
119	1070646	
120	1075080	
121	1079515	
122	1083952	
123	1088390	
124	1092830	
125	1097270	
126	1101712	
127	1106156	
128	1110601	
129	1115047	
130	1119495	
131	1123945	
132	1128396	
133	1132848	
134	1137302	
135	1141758	
136	1146215	
137	1150674	
138	1155134	
139	1159596	
140	1164060	
141	1168525	
142	1172993	
143	1177461	
144	1181932	
145	1186404	
146	1190879	
147	1195354	
148	1199832	
149	1204312	
150	1208793	
151	1213276	
152	1217761	
153	1222248	
154	1226737	
155	1231228	
156	1235720	
157	1240215	
158	1244711	
159	1249210	
160	1253710	
161	1258213	
162	1262717	
163	1267223	
164	1271731	
165	1276242	
166	1280754	
167	1285268	
168	1289785	
169	1294303	
170	1298824	
171	1303346	
172	1307871	
173	1312398	
174	1316927	
175	1321458	
176	1325991	
177	1330526	
178	1335063	
179	1339603	
180	1344144	
181	1348688	
182	1353234	
183	1357782	
184	1362332	
185	1366885	
186	1371439	
187	1375996	
188	1380555	
189	1385116	
190	1389680	
191	1394245	
192	1398813	
193	1403383	
194	1407956	
195	1412530	
196	1417107	
197	1421686	
198	1426267	
199	1430851	
200	1435437	
201	1440025	
202	1444615	
203	1449208	
204	1453803	
205	1458400	
206	1462999	
207	1467601	
208	1472205	
209	1476811	
210	1481420	
211	1486031	
212	1490644	
213	1495260	
214	1499877	
215	1504498	
216	1509120	
217	1513745	
218	1518372	
219	1523001	
220	1527633	
221	1532267	
222	1536904	
223	1541542	
224	1546184	
225	1550827	
226	1555473	
227	1560121	
228	1564771	
229	1569424	
230	1574079	
231	1578737	
232	1583396	
233	1588059	
234	1592723	
235	1597390	
236	1602059	
237	1606731	
238	1611404	
239	1616081	
240	1620759	
241	1625440	
242	1630124	
243	1634809	
244	1639497	
245	1644187	
246	1648880	
247	1653575	
248	1658273	
249	1662972	
250	1667675	
251	1672379	
252	1677086	
253	1681795	
254	1686507	
255	1691220	
256	1695937	
257	1700655	
258	1705376	
259	1710099	
260	1714825	
261	1719553	
262	1724283	
263	1729016	
264	1733751	
265	1738488	
266	1743228	
267	1747970	
268	1752715	
269	1757461	
270	1762210	
271	1766962	
272	1771716	
273	1776472	
274	1781230	
275	1785991	
276	1790754	
277	1795519	
278	1800287	
279	1805057	
280	1809829	
281	1814604	
282	1819381	
283	1824161	
284	1828942	
285	1833726	
286	1838513	
287	1843301	
288	1848092	
289	1852885	
290	1857681	
291	1862479	
292	1867279	
293	1872081	
294	1876886	
295	1881693	
296	1886502	
297	1891314	
298	1896128	
299	1900944	
300	1905763	
301	1910583	
302	1915406	
303	1920232	
304	1925059	
305	1929889	
306	1934721	
307	1939556	
308	1944393	
309	1949231	
310	1954073	
311	1958916	
312	1963762	
313	1968610	
314	1973460	
315	1978312	
316	1983167	
317	1988024	
318	1992883	
319	1997745	
320	2002608	
321	2007474	
322	2012342	
323	2017213	
324	2022085	
325	2026960	
326	2031837	
327	2036716	
328	2041597	
329	2046481	
330	2051367	
331	2056255	
332	2061145	
333	2066037	
334	2070932	
335	2075829	
336	2080728	
337	2085629	
338	2090532	
339	2095437	
340	2100345	
341	2105255	
342	2110167	
343	2115081	
344	2119997	
345	2124916	
346	2129836	
347	2134759	
348	2139684	
349	2144611	
350	2149540	
351	2154471	
352	2159404	
353	2164340	
354	2169278	
355	2174217	
356	2179159	
357	2184103	
358	2189049	
359	2193997	
360	2198948	
361	2203900	
362	2208854	
363	2213811	
364	2218770	
365	2223730	
366	2228693	
367	2233658	
368	2238625	
369	2243594	
370	2248565	
371	2253538	
372	2258513	
373	2263490	
374	2268469	
375	2273451	
376	2278434	
377	2283419	
378	2288407	
379	2293396	
380	2298387	
381	2303381	
382	2308376	
383	2313374	
384	2318373	
385	2323374	
386	2328378	
387	2333383	
388	2338391	
389	2343400	
390	2348412	
391	2353425	
392	2358440	
393	2363458	
394	2368477	
395	2373498	
396	2378521	
397	2383546	
398	2388573	
399	2393602	
400	2398633	
401	2403666	
402	2408701	
403	2413738	
404	2418777	
405	2423817	
406	2428860	
407	2433904	
408	2438950	
409	2443999	
410	2449049	
411	2454101	
412	2459155	
413	2464210	
414	2469268	
415	2474328	
416	2479389	
417	2484452	
418	2489517	
419	2494584	
420	2499653	
421	2504724	
422	2509796	
423	2514871	
424	2519947	
425	2525025	
426	2530105	
427	2535186	
428	2540270	
429	2545355	
430	2550442	
431	2555531	
432	2560622	
433	2565715	
434	2570809	
435	2575905	
436	2581003	
437	2586102	
438	2591204	
439	2596307	
440	2601412	
441	2606519	
442	2611627	
443	2616737	
444	2621849	
445	2626963	
446	2632079	
447	2637196	
448	2642315	
449	2647435	
450	2652558	
451	2657682	
452	2662808	
453	2667935	
454	2673064	
455	2678195	
456	2683328	
457	2688462	
458	2693598	
459	2698736	
460	2703875	
461	2709016	
462	2714158	
463	2719303	
464	2724449	
465	2729596	
466	2734745	
467	2739896	
468	2745049	
469	2750203	
470	2755359	
471	2760516	
472	2765675	
473	2770836	
474	2775998	
475	2781162	
476	2786327	
477	2791494	
478	2796663	
479	2801833	
480	2807005	
481	2812178	
482	2817353	
483	2822530	
484	2827708	
485	2832888	
486	2838069	
487	2843251	
488	2848436	
489	2853622	
490	2858809	
491	2863998	
492	2869188	
493	2874380	
494	2879573	
495	2884768	
496	2889965	
497	2895163	
498	2900362	
499	2905563	
500	2910766	
501	2915969	
502	2921175	
503	2926382	
504	2931590	
505	2936800	
506	2942011	
507	2947224	
508	2952438	
509	2957653	
510	2962870	
511	2968089	
512	2973309	
513	2978530	
514	2983753	
515	2988977	
516	2994203	
517	2999430	
518	3004658	
519	3009888	
520	3015119	
521	3020351	
522	3025585	
523	3030821	
524	3036057	
525	3041295	
526	3046535	
527	3051776	
528	3057018	
529	3062261	
530	3067506	
531	3072752	
532	3078000	
533	3083248	
534	3088498	
535	3093750	
536	3099003	
537	3104257	
538	3109512	
539	3114769	
540	3120027	
541	3125286	
542	3130547	
543	3135809	
544	3141072	
545	3146336	
546	3151602	
547	3156869	
548	3162137	
549	3167406	
550	3172677	
551	3177949	
552	3183222	
553	3188496	
554	3193772	
555	3199049	
556	3204327	
557	3209606	
558	3214887	
559	3220168	
560	3225451	
561	3230735	
562	3236021	
563	3241307	
564	3246595	
565	3251884	
566	3257174	
567	3262465	
568	3267757	
569	3273051	
570	3278345	
571	3283641	
572	3288938	
573	3294236	
574	3299535	
575	3304836	
576	3310137	
577	3315440	
578	3320743	
579	3326048	
580	3331354	
581	3336661	
582	3341969	
583	3347278	
584	3352588	
585	3357900	
586	3363212	
587	3368526	
588	3373840	
589	3379156	
590	3384472	
591	3389790	
592	3395109	
593	3400429	
594	3405749	
595	3411071	
596	3416394	
597	3421718	
598	3427043	
599	3432369	
600	3437696	
601	3443024	
602	3448353	
603	3453683	
604	3459014	
605	3464346	
606	3469678	
607	3475012	
608	3480347	
609	3485683	
610	3491020	
611	3496357	
612	3501696	
613	3507036	
614	3512376	
615	3517718	
616	3523060	
617	3528403	
618	3533748	
619	3539093	
620	3544439	
621	3549786	
622	3555134	
623	3560482	
624	3565832	
625	3571183	
626	3576534	
627	3581886	
628	3587240	
629	3592594	
630	3597949	
631	3603304	
632	3608661	
633	3614018	
634	3619377	
635	3624736	
636	3630096	
637	3635457	
638	3640818	
639	3646181	
640	3651544	
641	3656908	
642	3662273	
643	3667639	
644	3673005	
645	3678373	
646	3683741	
647	3689110	
648	3694479	
649	3699850	
650	3705221	
651	3710593	
652	3715965	
653	3721339	
654	3726713	
655	3732088	
656	3737464	
657	3742840	
658	3748217	
659	3753595	
660	3758974	
661	3764353	
662	3769733	
663	3775113	
664	3780495	
665	3785877	
666	3791260	
667	3796643	
668	3802027	
669	3807412	
670	3812798	
671	3818184	
672	3823571	
673	3828958	
674	3834346	
675	3839735	
676	3845125	
677	3850515	
678	3855905	
679	3861297	
680	3866689	
681	3872081	
682	3877474	
683	3882868	
684	3888262	
685	3893657	
686	3899053	
687	3904449	
688	3909846	
689	3915243	
690	3920641	
691	3926040	
692	3931439	
693	3936838	
694	3942239	
695	3947639	
696	3953041	
697	3958442	
698	3963845	
699	3969248	
700	3974651	
701	3980055	
702	3985459	
703	3990864	
704	3996270	
705	4001676	
706	4007082	
707	4012489	
708	4017897	
709	4023305	
710	4028713	
711	4034122	
712	4039532	
713	4044941	
714	4050352	
715	4055763	
716	4061174	
717	4066585	
718	4071998	
719	4077410	
720	4082823	
721	4088237	
722	4093650	
723	4099065	
724	4104479	
725	4109894	
726	4115310	
727	4120726	
728	4126142	
729	4131559	
730	4136976	
731	4142393	
732	4147811	
733	4153229	
734	4158648	
735	4164067	
736	4169486	
737	4174906	
738	4180326	
739	4185746	
740	4191167	
741	4196588	
742	4202009	
743	4207431	
744	4212853	
745	4218275	
746	4223698	
747	4229121	
748	4234544	
749	4239968	
750	4245392	
751	4250816	
752	4256240	
753	4261665	
754	4267090	
755	4272515	
756	4277941	
757	4283366	
758	4288792	
759	4294219	
760	4299645	
761	4305072	
762	4310499	
763	4315926	
764	4321354	
765	4326781	
766	4332209	
767	4337637	
768	4343066	
769	4348494	
770	4353923	
771	4359352	
772	4364781	
773	4370210	
774	4375640	
775	4381070	
776	4386499	
777	4391929	
778	4397360	
779	4402790	
780	4408220	
781	4413651	
782	4419082	
783	4424513	
784	4429944	
785	4435375	
786	4440806	
787	4446238	
788	4451669	
789	4457101	
790	4462533	
791	4467965	
792	4473397	
793	4478829	
794	4484261	
795	4489693	
796	4495126	
797	4500558	
798	4505991	
799	4511423	
800	4516856	
801	4522288	
802	4527721	
803	4533154	
804	4538587	
805	4544020	
806	4549452	
807	4554885	
808	4560318	
809	4565751	
810	4571184	
811	4576617	
812	4582050	
813	4587483	
814	4592916	
815	4598350	
816	4603783	
817	4609216	
818	4614648	
819	4620081	
820	4625514	
821	4630947	
822	4636380	
823	4641813	
824	4647246	
825	4652678	
826	4658111	
827	4663544	
828	4668976	
829	4674409	
830	4679841	
831	4685273	
832	4690706	
833	4696138	
834	4701570	
835	4707002	
836	4712434	
837	4717865	
838	4723297	
839	4728729	
840	4734160	
841	4739591	
842	4745023	
843	4750454	
844	4755884	
845	4761315	
846	4766746	
847	4772176	
848	4777607	
849	4783037	
850	4788467	
851	4793897	
852	4799326	
853	4804756	
854	4810185	
855	4815614	
856	4821043	
857	4826472	
858	4831900	
859	4837329	
860	4842757	
861	4848185	
862	4853612	
863	4859040	
864	4864467	
865	4869894	
866	4875321	
867	4880747	
868	4886174	
869	4891600	
870	4897025	
871	4902451	
872	4907876	
873	4913301	
874	4918726	
875	4924150	
876	4929575	
877	4934999	
878	4940422	
879	4945845	
880	4951269	
881	4956691	
882	4962114	
883	4967536	
884	4972958	
885	4978379	
886	4983800	
887	4989221	
888	4994642	
889	5000062	
890	5005482	
891	5010901	
892	5016320	
893	5021739	
894	5027157	
895	5032575	
896	5037993	
897	5043410	
898	5048827	
899	5054244	
900	5059660	
901	5065076	
902	5070491	
903	5075906	
904	5081321	
905	5086735	
906	5092149	
907	5097562	
908	5102975	
909	5108388	
910	5113800	
911	5119212	
912	5124623	
913	5130034	
914	5135444	
915	5140854	
916	5146263	
917	5151672	
918	5157081	
919	5162489	
920	5167896	
921	5173304	
922	5178710	
923	5184116	
924	5189522	
925	5194927	
926	5200332	
927	5205736	
928	5211140	
929	5216543	
930	5221946	
931	5227348	
932	5232749	
933	5238150	
934	5243551	
935	5248951	
936	5254350	
937	5259749	
938	5265148	
939	5270546	
940	5275943	
941	5281340	
942	5286736	
943	5292131	
944	5297526	
945	5302921	
946	5308315	
947	5313708	
948	5319100	
949	5324493	
950	5329884	
951	5335275	
952	5340665	
953	5346055	
954	5351444	
955	5356832	
956	5362220	
957	5367607	
958	5372994	
959	5378380	
960	5383765	
961	5389149	
962	5394533	
963	5399917	
964	5405299	
965	5410681	
966	5416063	
967	5421443	
968	5426823	
969	5432202	
970	5437581	
971	5442959	
972	5448336	
973	5453713	
974	5459088	
975	5464464	
976	5469838	
977	5475212	
978	5480585	
979	5485957	
980	5491328	
981	5496699	
982	5502069	
983	5507439	
984	5512807	
985	5518175	
986	5523542	
987	5528908	
988	5534274	
989	5539639	
990	5545003	
991	5550366	
992	5555728	
993	5561090	
994	5566451	
995	5571811	
996	5577171	
997	5582529	
998	5587887	
999	5593244	
1000	5598600	
1001	5603955	
1002	5609310	
1003	5614663	
1004	5620016	
1005	5625368	
1006	5630719	
1007	5636070	
1008	5641419	
1009	5646768	
1010	5652116	
1011	5657463	
1012	5662809	
1013	5668154	
1014	5673498	
1015	5678842	
1016	5684184	
1017	5689526	
1018	5694867	
1019	5700207	
1020	5705546	
1021	5710884	
1022	5716222	
1023	5721558	
1024	5726893	
1025	5732228	
1026	5737562	
1027	5742894	
1028	5748226	
1029	5753557	
1030	5758887	
1031	5764216	
1032	5769544	
1033	5774871	
1034	5780197	
1035	5785522	
1036	5790847	
1037	5796170	
1038	5801492	
1039	5806814	
1040	5812134	
1041	5817454	
1042	5822772	
1043	5828089	
1044	5833406	
1045	5838721	
1046	5844036	
1047	5849349	
1048	5854662	
1049	5859973	
1050	5865284	
1051	5870593	
1052	5875901	
1053	5881209	
1054	5886515	
1055	5891820	
1056	5897125	
1057	5902428	
1058	5907730	
1059	5913031	
1060	5918331	
1061	5923630	
1062	5928928	
1063	5934225	
1064	5939521	
1065	5944816	
1066	5950109	
1067	5955402	
1068	5960694	
1069	5965984	
1070	5971273	
1071	5976562	
1072	5981849	
1073	5987135	
1074	5992420	
1075	5997703	
1076	6002986	
1077	6008268	
1078	6013548	
1079	6018827	
1080	6024106	
1081	6029383	
1082	6034659	
1083	6039933	
1084	6045207	
1085	6050479	
1086	6055751	
1087	6061021	
1088	6066290	
1089	6071558	
1090	6076824	
1091	6082090	
1092	6087354	
1093	6092617	
1094	6097879	
1095	6103140	
1096	6108399	
1097	6113657	
1098	6118915	
1099	6124170	
1100	6129425	
1101	6134679	
1102	6139931	
1103	6145182	
1104	6150432	
1105	6155680	
1106	6160928	
1107	6166174	
1108	6171419	
1109	6176662	
1110	6181905	
1111	6187146	
1112	6192386	
1113	6197624	
1114	6202861	
1115	6208098	
1116	6213332	
1117	6218566	
1118	6223798	
1119	6229029	
1120	6234259	
1121	6239487	
1122	6244714	
1123	6249940	
1124	6255164	
1125	6260387	
1126	6265609	
1127	6270830	
1128	6276049	
1129	6281267	
1130	6286483	
1131	6291699	
1132	6296912	
1133	6302125	
1134	6307336	
1135	6312546	
1136	6317755	
1137	6322962	
1138	6328167	
1139	6333372	
1140	6338575	
1141	6343777	
1142	6348977	
1143	6354176	
1144	6359373	
1145	6364570	
1146	6369764	
1147	6374958	
1148	6380150	
1149	6385340	
1150	6390530	
1151	6395717	
1152	6400904	
1153	6406089	
1154	6411272	
1155	6416454	
1156	6421635	
1157	6426814	
1158	6431992	
1159	6437169	
1160	6442344	
1161	6447517	
1162	6452689	
1163	6457860	
1164	6463029	
1165	6468197	
1166	6473363	
1167	6478527	
1168	6483691	
1169	6488853	
1170	6494013	
1171	6499172	
1172	6504329	
1173	6509485	
1174	6514639	
1175	6519792	
1176	6524944	
1177	6530093	
1178	6535242	
1179	6540389	
1180	6545534	
1181	6550678	
1182	6555820	
1183	6560961	
1184	6566100	
1185	6571238	
1186	6576374	
1187	6581509	
1188	6586642	
1189	6591773	
1190	6596903	
1191	6602032	
1192	6607158	
1193	6612284	
1194	6617408	
1195	6622530	
1196	6627650	
1197	6632769	
1198	6637887	
1199	6643002	
1200	6648117	
1201	6653229	
1202	6658340	
1203	6663450	
1204	6668558	
1205	6673664	
1206	6678769	
1207	6683872	
1208	6688973	
1209	6694073	
1210	6699171	
1211	6704267	
1212	6709362	
1213	6714456	
1214	6719547	
1215	6724637	
1216	6729725	
1217	6734812	
1218	6739897	
1219	6744980	
1220	6750062	
1221	6755142	
1222	6760220	
1223	6765297	
1224	6770372	
1225	6775445	
1226	6780517	
1227	6785587	
1228	6790655	
1229	6795722	
1230	6800787	
1231	6805850	
1232	6810911	
1233	6815971	
1234	6821029	
1235	6826085	
1236	6831140	
1237	6836193	
1238	6841244	
1239	6846293	
1240	6851341	
1241	6856387	
1242	6861431	
1243	6866474	
1244	6871514	
1245	6876553	
1246	6881590	
1247	6886626	
1248	6891659	
1249	6896691	
1250	6901722	
1251	6906750	
1252	6911776	
1253	6916801	
1254	6921824	
1255	6926846	
1256	6931865	
1257	6936883	
1258	6941898	
1259	6946913	
1260	6951925	
1261	6956935	
1262	6961944	
1263	6966951	
1264	6971956	
1265	6976959	
1266	6981960	
1267	6986960	
1268	6991957	
1269	6996953	
1270	7001947	
1271	7006939	
1272	7011930	
1273	7016918	
1274	7021905	
1275	7026889	
1276	7031872	
1277	7036853	
1278	7041832	
1279	7046810	
1280	7051785	
1281	7056759	
1282	7061730	
1283	7066700	
1284	7071668	
1285	7076634	
1286	7081598	
1287	7086560	
1288	7091521	
1289	7096479	
1290	7101435	
1291	7106390	
1292	7111343	
1293	7116293	
1294	7121242	
1295	7126189	
1296	7131134	
1297	7136077	
1298	7141018	
1299	7145957	
1300	7150894	
1301	7155830	
1302	7160763	
1303	7165694	
1304	7170624	
1305	7175551	
1306	7180476	
1307	7185400	
1308	7190321	
1309	7195241	
1310	7200158	
1311	7205074	
1312	7209988	
1313	7214899	
1314	7219809	
1315	7224717	
1316	7229622	
1317	7234526	
1318	7239427	
1319	7244327	
1320	7249225	
1321	7254120	
1322	7259014	
1323	7263905	
1324	7268795	
1325	7273682	
1326	7278568	
1327	7283451	
1328	7288333	
1329	7293212	
1330	7298089	
1331	7302964	
1332	7307838	
1333	7312709	
1334	7317578	
1335	7322445	
1336	7327310	
1337	7332173	
1338	7337034	
1339	7341892	
1340	7346749	
1341	7351604	
1342	7356456	
1343	7361306	
1344	7366155	
1345	7371001	
1346	7375845	
1347	7380687	
1348	7385527	
1349	7390365	
1350	7395201	
1351	7400034	
1352	7404866	
1353	7409695	
1354	7414522	
1355	7419347	
1356	7424170	
1357	7428991	
1358	7433810	
1359	7438626	
1360	7443441	
1361	7448253	
1362	7453063	
1363	7457871	
1364	7462677	
1365	7467480	
1366	7472282	
1367	7477081	
1368	7481878	
1369	7486673	
1370	7491466	
1371	7496257	
1372	7501045	
1373	7505831	
1374	7510615	
1375	7515397	
1376	7520177	
1377	7524954	
1378	7529730	
1379	7534503	
1380	7539274	
1381	7544042	
1382	7548809	
1383	7553573	
1384	7558335	
1385	7563094	
1386	7567852	
1387	7572607	
1388	7577360	
1389	7582111	
1390	7586860	
1391	7591606	
1392	7596350	
1393	7601092	
1394	7605832	
1395	7610569	
1396	7615304	
1397	7620037	
1398	7624767	
1399	7629495	
1400	7634221	
1401	7638945	
1402	7643667	
1403	7648386	
1404	7653103	
1405	7657817	
1406	7662529	
1407	7667239	
1408	7671947	
1409	7676653	
1410	7681356	
1411	7686056	
1412	7690755	
1413	7695451	
1414	7700145	
1415	7704836	
1416	7709526	
1417	7714212	
1418	7718897	
1419	7723579	
1420	7728259	
1421	7732937	
1422	7737612	
1423	7742285	
1424	7746955	
1425	7751623	
1426	7756289	
1427	7760952	
1428	7765613	
1429	7770272	
1430	7774928	
1431	7779582	
1432	7784234	
1433	7788883	
1434	7793530	
1435	7798175	
1436	7802817	
1437	7807456	
1438	7812094	
1439	7816729	
1440	7821361	
1441	7825991	
1442	7830619	
1443	7835244	
1444	7839867	
1445	7844487	
1446	7849105	
1447	7853721	
1448	7858334	
1449	7862945	
1450	7867553	
1451	7872159	
1452	7876763	
1453	7881364	
1454	7885962	
1455	7890559	
1456	7895152	
1457	7899744	
1458	7904332	
1459	7908919	
1460	7913503	
1461	7918084	
1462	7922663	
1463	7927240	
1464	7931814	
1465	7936385	
1466	7940954	
1467	7945521	
1468	7950085	
1469	7954647	
1470	7959206	
1471	7963763	
1472	7968317	
1473	7972868	
1474	7977418	
1475	7981964	
1476	7986508	
1477	7991050	
1478	7995589	
1479	8000126	
1480	8004660	
1481	8009191	
1482	8013720	
1483	8018247	
1484	8022771	
1485	8027292	
1486	8031811	
1487	8036328	
1488	8040842	
1489	8045353	
1490	8049862	
1491	8054368	
1492	8058872	
1493	8063373	
1494	8067871	
1495	8072367	
1496	8076861	
1497	8081351	
1498	8085840	
1499	8090325	
1500	8094808	
1501	8099289	
1502	8103767	
1503	8108242	
1504	8112715	
1505	8117185	
1506	8121653	
1507	8126118	
1508	8130580	
1509	8135040	
1510	8139497	
1511	8143952	
1512	8148404	
1513	8152853	
1514	8157300	
1515	8161744	
1516	8166185	
1517	8170624	
1518	8175060	
1519	8179494	
1520	8183925	
1521	8188353	
1522	8192779	
1523	8197202	
1524	8201622	
1525	8206040	
1526	8210455	
1527	8214868	
1528	8219277	
1529	8223684	
1530	8228089	
1531	8232491	
1532	8236890	
1533	8241286	
1534	8245680	
1535	8250071	
1536	8254459	
1537	8258845	
1538	8263228	
1539	8267609	
1540	8271986	
1541	8276361	
1542	8280733	
1543	8285103	
1544	8289470	
1545	8293834	
1546	8298195	
1547	8302554	
1548	8306910	
1549	8311263	
1550	8315614	
1551	8319962	
1552	8324307	
1553	8328649	
1554	8332989	
1555	8337326	
1556	8341660	
1557	8345992	
1558	8350320	
1559	8354646	
1560	8358970	
1561	8363290	
1562	8367608	
1563	8371923	
1564	8376235	
1565	8380544	
1566	8384851	
1567	8389155	
1568	8393456	
1569	8397754	
1570	8402050	
1571	8406343	
1572	8410633	
1573	8414920	
1574	8419204	
1575	8423486	
1576	8427765	
1577	8432041	
1578	8436314	
1579	8440585	
1580	8444853	
1581	8449117	
1582	8453379	
1583	8457639	
1584	8461895	
1585	8466149	
1586	8470400	
1587	8474648	
1588	8478893	
1589	8483135	
1590	8487375	
1591	8491611	
1592	8495845	
1593	8500076	
1594	8504304	
1595	8508529	
1596	8512752	
1597	8516972	
1598	8521188	
1599	8525402	
1600	8529613	
1601	8533821	
1602	8538027	
1603	8542229	
1604	8546429	
1605	8550626	
1606	8554819	
1607	8559010	
1608	8563198	
1609	8567384	
1610	8571566	
1611	8575745	
1612	8579922	
1613	8584096	
1614	8588266	
1615	8592434	
1616	8596599	
1617	8600761	
1618	8604921	
1619	8609077	
1620	8613230	
1621	8617381	
1622	8621528	
1623	8625673	
1624	8629814	
1625	8633953	
1626	8638089	
1627	8642222	
1628	8646352	
1629	8650479	
1630	8654603	
1631	8658724	
1632	8662842	
1633	8666958	
1634	8671070	
1635	8675179	
1636	8679286	
1637	8683389	
1638	8687490	
1639	8691588	
1640	8695682	
1641	8699774	
1642	8703862	
1643	8707948	
1644	8712031	
1645	8716111	
1646	8720187	
1647	8724261	
1648	8728332	
1649	8732400	
1650	8736465	
1651	8740527	
1652	8744585	
1653	8748641	
1654	8752694	
1655	8756744	
1656	8760791	
1657	8764835	
1658	8768876	
1659	8772914	
1660	8776948	
1661	8780980	
1662	8785009	
1663	8789035	
1664	8793058	
1665	8797077	
1666	8801094	
1667	8805108	
1668	8809118	
1669	8813126	
1670	8817130	
1671	8821132	
1672	8825130	
1673	8829126	
1674	8833118	
1675	8837108	
1676	8841094	
1677	8845077	
1678	8849057	
1679	8853034	
1680	8857009	
1681	8860979	
1682	8864947	
1683	8868912	
1684	8872874	
1685	8876833	
1686	8880788	
1687	8884741	
1688	8888690	
1689	8892637	
1690	8896580	
1691	8900520	
1692	8904457	
1693	8908391	
1694	8912322	
1695	8916250	
1696	8920175	
1697	8924096	
1698	8928015	
1699	8931930	
1700	8935843	
1701	8939752	
1702	8943658	
1703	8947561	
1704	8951461	
1705	8955357	
1706	8959251	
1707	8963141	
1708	8967029	
1709	8970913	
1710	8974794	
1711	8978672	
1712	8982546	
1713	8986418	
1714	8990287	
1715	8994152	
1716	8998014	
1717	9001873	
1718	9005729	
1719	9009582	
1720	9013431	
1721	9017278	
1722	9021121	
1723	9024961	
1724	9028798	
1725	9032631	
1726	9036462	
1727	9040289	
1728	9044114	
1729	9047935	
1730	9051752	
1731	9055567	
1732	9059378	
1733	9063187	
1734	9066992	
1735	9070794	
1736	9074592	
1737	9078388	
1738	9082180	
1739	9085969	
1740	9089755	
1741	9093538	
1742	9097317	
1743	9101093	
1744	9104866	
1745	9108636	
1746	9112403	
1747	9116166	
1748	9119926	
1749	9123683	
1750	9127437	
1751	9131187	
1752	9134934	
1753	9138678	
1754	9142419	
1755	9146157	
1756	9149891	
1757	9153622	
1758	9157350	
1759	9161074	
1760	9164795	
1761	9168513	
1762	9172228	
1763	9175940	
1764	9179648	
1765	9183353	
1766	9187054	
1767	9190753	
1768	9194448	
1769	9198140	
1770	9201828	
1771	9205514	
1772	9209196	
1773	9212875	
1774	9216550	
1775	9220222	
1776	9223891	
1777	9227557	
1778	9231219	
1779	9234878	
1780	9238534	
1781	9242186	
1782	9245835	
1783	9249481	
1784	9253124	
1785	9256763	
1786	9260399	
1787	9264031	
1788	9267661	
1789	9271287	
1790	9274909	
1791	9278528	
1792	9282144	
1793	9285757	
1794	9289366	
1795	9292972	
1796	9296575	
1797	9300174	
1798	9303770	
1799	9307363	
1800	9310952	
1801	9314538	
1802	9318121	
1803	9321700	
1804	9325276	
1805	9328849	
1806	9332418	
1807	9335984	
1808	9339546	
1809	9343105	
1810	9346661	
1811	9350214	
1812	9353763	
1813	9357308	
1814	9360851	
1815	9364390	
1816	9367925	
1817	9371457	
1818	9374986	
1819	9378512	
1820	9382034	
1821	9385552	
1822	9389068	
1823	9392579	
1824	9396088	
1825	9399593	
1826	9403095	
1827	9406593	
1828	9410088	
1829	9413579	
1830	9417067	
1831	9420552	
1832	9424033	
1833	9427511	
1834	9430986	
1835	9434457	
1836	9437924	
1837	9441388	
1838	9444849	
1839	9448306	
1840	9451760	
1841	9455211	
1842	9458658	
1843	9462101	
1844	9465542	
1845	9468978	
1846	9472412	
1847	9475841	
1848	9479268	
1849	9482691	
1850	9486110	
1851	9489526	
1852	9492939	
1853	9496348	
1854	9499754	
1855	9503156	
1856	9506555	
1857	9509950	
1858	9513342	
1859	9516731	
1860	9520116	
1861	9523497	
1862	9526875	
1863	9530250	
1864	9533621	
1865	9536988	
1866	9540352	
1867	9543713	
1868	9547070	
1869	9550424	
1870	9553774	
1871	9557121	
1872	9560464	
1873	9563803	
1874	9567140	
1875	9570472	
1876	9573802	
1877	9577127	
1878	9580449	
1879	9583768	
1880	9587083	
1881	9590395	
1882	9593703	
1883	9597008	
1884	9600309	
1885	9603606	
1886	9606901	
1887	9610191	
1888	9613478	
1889	9616762	
1890	9620042	
1891	9623318	
1892	9626591	
1893	9629860	
1894	9633126	
1895	9636389	
1896	9639647	
1897	9642903	
1898	9646154	
1899	9649403	
1900	9652647	
1901	9655888	
1902	9659126	
1903	9662360	
1904	9665590	
1905	9668817	
1906	9672040	
1907	9675260	
1908	9678476	
1909	9681689	
1910	9684898	
1911	9688103	
1912	9691305	
1913	9694504	
1914	9697698	
1915	9700890	
1916	9704077	
1917	9707261	
1918	9710442	
1919	9713619	
1920	9716792	
1921	9719962	
1922	9723128	
1923	9726290	
1924	9729449	
1925	9732605	
1926	9735756	
1927	9738904	
1928	9742049	
1929	9745190	
1930	9748327	
1931	9751461	
1932	9754591	
1933	9757718	
1934	9760841	
1935	9763960	
1936	9767076	
1937	9770188	
1938	9773296	
1939	9776401	
1940	9779502	
1941	9782600	
1942	9785694	
1943	9788784	
1944	9791871	
1945	9794954	
1946	9798033	
1947	9801109	
1948	9804181	
1949	9807250	
1950	9810315	
1951	9813376	
1952	9816434	
1953	9819488	
1954	9822538	
1955	9825585	
1956	9828628	
1957	9831667	
1958	9834703	
1959	9837735	
1960	9840763	
1961	9843788	
1962	9846809	
1963	9849827	
1964	9852840	
1965	9855850	
1966	9858857	
1967	9861860	
1968	9864859	
1969	9867854	
1970	9870846	
1971	9873834	
1972	9876818	
1973	9879799	
1974	9882776	
1975	9885749	
1976	9888719	
1977	9891685	
1978	9894647	
1979	9897606	
1980	9900561	
1981	9903512	
1982	9906459	
1983	9909403	
1984	9912343	
1985	9915280	
1986	9918212	
1987	9921141	
1988	9924067	
1989	9926988	
1990	9929906	
1991	9932820	
1992	9935731	
1993	9938638	
1994	9941541	
1995	9944440	
1996	9947336	
1997	9950227	
1998	9953116	
1999	9956000	
2000	9958881	
2001	9961758	
2002	9964631	
2003	9967500	
2004	9970366	
2005	9973228	
2006	9976086	
2007	9978941	
2008	9981792	
2009	9984639	
2010	9987482	
2011	9990322	
2012	9993158	
2013	9995990	
2014	9998818	
2015	10001643	
2016	10004464	
2017	10007281	
2018	10010094	
2019	10012904	
2020	10015709	
2021	10018511	
2022	10021310	
2023	10024104	
2024	10026895	
2025	10029682	
2026	10032465	
2027	10035245	
2028	10038020	
2029	10040792	
2030	10043560	
2031	10046325	
2032	10049085	
2033	10051842	
2034	10054595	
2035	10057344	
2036	10060090	
2037	10062832	
2038	10065569	
2039	10068304	
2040	10071034	
2041	10073760	
2042	10076483	
2043	10079202	
2044	10081917	
2045	10084628	
2046	10087336	
2047	10090040	
2048	10092739	
2049	10095436	
2050	10098128	
2051	10100816	
2052	10103501	
2053	10106182	
2054	10108859	
2055	10111532	
2056	10114202	
2057	10116867	
2058	10119529	
2059	10122187	
2060	10124841	
2061	10127491	
2062	10130138	
2063	10132781	
2064	10135419	
2065	10138054	
2066	10140686	
2067	10143313	
2068	10145936	
2069	10148556	
2070	10151172	
2071	10153784	
2072	10156392	
2073	10158996	
2074	10161597	
2075	10164193	
2076	10166786	
2077	10169375	
2078	10171960	
2079	10174541	
2080	10177119	
2081	10179692	
2082	10182262	
2083	10184828	
2084	10187390	
2085	10189948	
2086	10192502	
2087	10195052	
2088	10197599	
2089	10200142	
2090	10202680	
2091	10205215	
2092	10207746	
2093	10210273	
2094	10212797	
2095	10215316	
2096	10217832	
2097	10220343	
2098	10222851	
2099	10225355	
2100	10227855	
2101	10230351	
2102	10232843	
2103	10235332	
2104	10237816	
2105	10240297	
2106	10242773	
2107	10245246	
2108	10247715	
2109	10250180	
2110	10252641	
2111	10255099	
2112	10257552	
2113	10260001	
2114	10262447	
2115	10264888	
2116	10267326	
2117	10269760	
2118	10272190	
2119	10274616	
2120	10277038	
2121	10279456	
2122	10281870	
2123	10284281	
2124	10286687	
2125	10289090	
2126	10291488	
2127	10293883	
2128	10296274	
2129	10298661	
2130	10301044	
2131	10303423	
2132	10305798	
2133	10308169	
2134	10310536	
2135	10312899	
2136	10315259	
2137	10317614	
2138	10319966	
2139	10322313	
2140	10324657	
2141	10326996	
2142	10329332	
2143	10331664	
2144	10333992	
2145	10336316	
2146	10338636	
2147	10340952	
2148	10343264	
2149	10345572	
2150	10347876	
2151	10350176	
2152	10352473	
2153	10354765	
2154	10357053	
2155	10359338	
2156	10361618	
2157	10363895	
2158	10366167	
2159	10368436	
2160	10370700	
2161	10372961	
2162	10375218	
2163	10377470	
2164	10379719	
2165	10381964	
2166	10384205	
2167	10386441	
2168	10388674	
2169	10390903	
2170	10393128	
2171	10395349	
2172	10397566	
2173	10399779	
2174	10401988	
2175	10404193	
2176	10406394	
2177	10408591	
2178	10410784	
2179	10412973	
2180	10415158	
2181	10417339	
2182	10419517	
2183	10421690	
2184	10423859	
2185	10426024	
2186	10428185	
2187	10430342	
2188	10432495	
2189	10434644	
2190	10436790	
2191	10438931	
2192	10441068	
2193	10443201	
2194	10445330	
2195	10447455	
2196	10449576	
2197	10451693	
2198	10453807	
2199	10455916	
2200	10458021	
2201	10460122	
2202	10462219	
2203	10464312	
2204	10466401	
2205	10468486	
2206	10470567	
2207	10472644	
2208	10474717	
2209	10476786	
2210	10478851	
2211	10480911	
2212	10482968	
2213	10485021	
2214	10487070	
2215	10489115	
2216	10491155	
2217	10493192	
2218	10495225	
2219	10497253	
2220	10499278	
2221	10501299	
2222	10503315	
2223	10505328	
2224	10507336	
2225	10509340	
2226	10511341	
2227	10513337	
2228	10515329	
2229	10517318	
2230	10519302	
2231	10521282	
2232	10523258	
2233	10525230	
2234	10527198	
2235	10529162	
2236	10531122	
2237	10533078	
2238	10535029	
2239	10536977	
2240	10538921	
2241	10540860	
2242	10542796	
2243	10544727	
2244	10546655	
2245	10548578	
2246	10550497	
2247	10552413	
2248	10554324	
2249	10556231	
2250	10558134	
2251	10560033	
2252	10561928	
2253	10563819	
2254	10565705	
2255	10567588	
2256	10569467	
2257	10571341	
2258	10573212	
2259	10575078	
2260	10576940	
2261	10578799	
2262	10580653	
2263	10582503	
2264	10584349	
2265	10586191	
2266	10588028	
2267	10589862	
2268	10591692	
2269	10593517	
2270	10595339	
2271	10597156	
2272	10598969	
2273	10600779	
2274	10602584	
2275	10604385	
2276	10606182	
2277	10607974	
2278	10609763	
2279	10611548	
2280	10613328	
2281	10615105	
2282	10616877	
2283	10618645	
2284	10620409	
2285	10622169	
2286	10623925	
2287	10625677	
2288	10627425	
2289	10629168	
2290	10630908	
2291	10632643	
2292	10634374	
2293	10636102	
2294	10637825	
2295	10639544	
2296	10641258	
2297	10642969	
2298	10644676	
2299	10646378	
2300	10648076	
2301	10649771	
2302	10651461	
2303	10653147	
2304	10654829	
2305	10656506	
2306	10658180	
2307	10659850	
2308	10661515	
2309	10663176	
2310	10664833	
2311	10666486	
2312	10668135	
2313	10669780	
2314	10671420	
2315	10673057	
2316	10674689	
2317	10676318	
2318	10677942	
2319	10679562	
2320	10681177	
2321	10682789	
2322	10684397	
2323	10686000	
2324	10687599	
2325	10689194	
2326	10690785	
2327	10692372	
2328	10693955	
2329	10695533	
2330	10697108	
2331	10698678	
2332	10700244	
2333	10701806	
2334	10703364	
2335	10704918	
2336	10706467	
2337	10708012	
2338	10709554	
2339	10711091	
2340	10712624	
2341	10714152	
2342	10715677	
2343	10717197	
2344	10718714	
2345	10720226	
2346	10721734	
2347	10723238	
2348	10724737	
2349	10726233	
2350	10727724	
2351	10729211	
2352	10730694	
2353	10732173	
2354	10733648	
2355	10735118	
2356	10736585	
2357	10738047	
2358	10739505	
2359	10740959	
2360	10742408	
2361	10743854	
2362	10745295	
2363	10746732	
2364	10748165	
2365	10749594	
2366	10751019	
2367	10752439	
2368	10753856	
2369	10755268	
2370	10756676	
2371	10758080	
2372	10759479	
2373	10760875	
2374	10762266	
2375	10763653	
2376	10765036	
2377	10766414	
2378	10767789	
2379	10769159	
2380	10770525	
2381	10771887	
2382	10773245	
2383	10774599	
2384	10775948	
2385	10777293	
2386	10778634	
2387	10779971	
2388	10781304	
2389	10782632	
2390	10783957	
2391	10785277	
2392	10786592	
2393	10787904	
2394	10789212	
2395	10790515	
2396	10791814	
2397	10793109	
2398	10794400	
2399	10795686	
2400	10796968	
2401	10798247	
2402	10799520	
2403	10800790	
2404	10802056	
2405	10803317	
2406	10804574	
2407	10805827	
2408	10807076	
2409	10808320	
2410	10809560	
2411	10810797	
2412	10812028	
2413	10813256	
2414	10814480	
2415	10815699	
2416	10816914	
2417	10818125	
2418	10819331	
2419	10820534	
2420	10821732	
2421	10822926	
2422	10824116	
2423	10825301	
2424	10826483	
2425	10827660	
2426	10828833	
2427	10830001	
2428	10831166	
2429	10832326	
2430	10833482	
2431	10834634	
2432	10835782	
2433	10836925	
2434	10838064	
2435	10839199	
2436	10840330	
2437	10841456	
2438	10842579	
2439	10843697	
2440	10844810	
2441	10845920	
2442	10847025	
2443	10848127	
2444	10849224	
2445	10850316	
2446	10851405	
2447	10852489	
2448	10853569	
2449	10854645	
2450	10855716	
2451	10856784	
2452	10857847	
2453	10858906	
2454	10859960	
2455	10861011	
2456	10862057	
2457	10863099	
2458	10864137	
2459	10865170	
2460	10866199	
2461	10867224	
2462	10868245	
2463	10869262	
2464	10870274	
2465	10871282	
2466	10872286	
2467	10873285	
2468	10874281	
2469	10875272	
2470	10876259	
2471	10877241	
2472	10878220	
2473	10879194	
2474	10880164	
2475	10881129	
2476	10882091	
2477	10883048	
2478	10884001	
2479	10884949	
2480	10885894	
2481	10886834	
2482	10887770	
2483	10888702	
2484	10889629	
2485	10890552	
2486	10891471	
2487	10892386	
2488	10893296	
2489	10894203	
2490	10895105	
2491	10896002	
2492	10896896	
2493	10897785	
2494	10898670	
2495	10899551	
2496	10900427	
2497	10901299	
2498	10902167	
2499	10903031	
2500	10903890	
2501	10904745	
2502	10905596	
2503	10906443	
2504	10907285	
2505	10908124	
2506	10908957	
2507	10909787	
2508	10910612	
2509	10911434	
2510	10912250	
2511	10913063	
2512	10913871	
2513	10914675	
2514	10915475	
2515	10916271	
2516	10917062	
2517	10917849	
2518	10918632	
2519	10919410	
2520	10920185	
2521	10920955	
2522	10921720	
2523	10922482	
2524	10923239	
2525	10923992	
2526	10924741	
2527	10925485	
2528	10926225	
2529	10926961	
2530	10927693	
2531	10928420	
2532	10929143	
2533	10929862	
2534	10930576	
2535	10931286	
2536	10931992	
2537	10932694	
2538	10933392	
2539	10934085	
2540	10934774	
2541	10935458	
2542	10936139	
2543	10936815	
2544	10937487	
2545	10938154	
2546	10938817	
2547	10939477	
2548	10940131	
2549	10940782	
2550	10941428	
2551	10942070	
2552	10942707	
2553	10943341	
2554	10943970	
2555	10944595	
2556	10945215	
2557	10945832	
2558	10946444	
2559	10947051	
2560	10947655	
2561	10948254	
2562	10948849	
2563	10949439	
2564	10950026	
2565	10950608	
2566	10951185	
2567	10951759	
2568	10952328	
2569	10952893	
2570	10953454	
2571	10954010	
2572	10954562	
2573	10955110	
2574	10955654	
2575	10956193	
2576	10956728	
2577	10957259	
2578	10957785	
2579	10958307	
2580	10958825	
2581	10959339	
2582	10959848	
2583	10960353	
2584	10960854	
2585	10961350	
2586	10961842	
2587	10962330	
2588	10962814	
2589	10963293	
2590	10963768	
2591	10964239	
2592	10964705	
2593	10965167	
2594	10965625	
2595	10966079	
2596	10966528	
2597	10966973	
2598	10967414	
2599	10967850	
2600	10968282	
2601	10968710	
2602	10969134	
2603	10969553	
2604	10969968	
2605	10970379	
2606	10970785	
2607	10971188	
2608	10971586	
2609	10971979	
2610	10972368	
2611	10972753	
2612	10973134	
2613	10973511	
2614	10973883	
2615	10974251	
2616	10974614	
2617	10974973	
2618	10975328	
2619	10975679	
2620	10976026	
2621	10976368	
2622	10976705	
2623	10977039	
2624	10977368	
2625	10977693	
2626	10978014	
2627	10978330	
2628	10978642	
2629	10978950	
2630	10979254	
2631	10979553	
2632	10979848	
2633	10980138	
2634	10980425	
2635	10980707	
2636	10980985	
2637	10981258	
2638	10981527	
2639	10981792	
2640	10982053	
2641	10982309	
2642	10982561	
2643	10982809	
2644	10983052	
2645	10983291	
2646	10983526	
2647	10983757	
2648	10983983	
2649	10984205	
2650	10984423	
2651	10984636	
2652	10984845	
2653	10985050	
2654	10985250	
2655	10985447	
2656	10985639	
2657	10985826	
2658	10986010	
2659	10986189	
2660	10986363	
2661	10986534	
2662	10986700	
2663	10986862	
2664	10987019	
2665	10987173	
2666	10987322	
2667	10987466	
2668	10987607	
2669	10987743	
2670	10987875	
2671	10988002	
2672	10988125	
2673	10988244	
2674	10988359	
2675	10988469	
2676	10988575	
2677	10988677	
2678	10988775	
2679	10988868	
2680	10988957	
2681	10989041	
2682	10989121	
2683	10989197	
2684	10989269	
2685	10989337	
2686	10989400	
2687	10989458	
2688	10989513	
2689	10989563	
2690	10989609	
2691	10989651	
2692	10989688	
2693	10989721	
2694	10989750	
2695	10989774	
2696	10989795	
2697	10989811	
2698	10989822	
2699	10989829	
2700	10989832	
2701	10989831	
2702	10989826	
2703	10989816	
2704	10989802	
2705	10989783	
2706	10989760	
2707	10989733	
2708	10989702	
2709	10989666	
2710	10989626	
2711	10989582	
2712	10989534	
2713	10989481	
2714	10989424	
2715	10989362	
2716	10989297	
2717	10989227	
2718	10989153	
2719	10989074	
2720	10988991	
2721	10988904	
2722	10988813	
2723	10988717	
